2015-12-18	-0.027069	0.034302	0.040096	0.004862	-2.850349	96453300.000000
2015-12-17	-0.021196	0.041288	0.043426	0.013030	-2.280251	44772800.000000
2015-12-16	0.007693	0.040400	0.049018	0.019137	0.821281	56238500.000000
2015-12-15	-0.017692	0.029999	0.037912	0.015368	-1.922782	53323100.000000
2015-12-14	-0.006185	0.025823	0.030395	0.003968	-0.676354	64318700.000000
2015-12-11	-0.025738	0.026236	0.028018	0.005389	-2.888962	46886200.000000
2015-12-10	0.004757	0.038727	0.046783	0.033983	0.531411	29104200.000000
2015-12-09	-0.022076	0.029803	0.030240	0.007393	-2.521813	46361400.000000
2015-12-08	-0.000423	0.028317	0.037767	0.022542	-0.048309	34309500.000000
2015-12-07	-0.006301	0.034533	0.042184	0.024359	-0.724663	32084200.000000
2015-12-04	0.033247	0.035776	0.071353	0.034159	3.700600	57777000.000000
2015-12-03	-0.009288	0.037371	0.039507	0.016632	-1.043511	41569500.000000
2015-12-02	-0.009034	0.034967	0.041759	0.023854	-1.024185	33386600.000000
2015-12-01	-0.008115	0.038904	0.039429	0.022369	-0.927566	34852400.000000
2015-11-30	0.004159	0.036549	0.049023	0.034440	0.473442	39180300.000000
2015-11-27	-0.001864	0.037247	0.038299	0.031197	-0.212571	13046400.000000
2015-11-25	-0.007150	0.037840	0.038014	0.026610	-0.821273	21388300.000000
2015-11-24	0.009597	0.031276	0.049031	0.029430	1.091819	42803200.000000
2015-11-23	-0.012993	0.034707	0.038698	0.017964	-1.497642	32482500.000000
2015-11-20	0.004378	0.038627	0.044900	0.035577	0.502434	34287100.000000
2015-11-19	0.012704	0.038056	0.056674	0.030291	1.439666	43295800.000000
2015-11-18	0.031665	0.053811	0.069560	0.051444	3.478363	46674700.000000
2015-11-17	-0.004291	0.041675	0.042853	0.027172	-0.473442	27616900.000000
2015-11-16	0.016379	0.026123	0.052472	0.022622	1.777848	38106700.000000
2015-11-13	-0.029209	0.030317	0.033626	0.004111	-3.265816	45812400.000000
2015-11-12	-0.003359	0.036304	0.041296	0.030867	-0.376824	32525600.000000
2015-11-11	-0.005652	0.031422	0.040728	0.021141	-0.637695	45218000.000000
2015-11-10	-0.031517	0.003464	0.013507	-0.003746	-3.671615	59127900.000000
2015-11-09	-0.004048	0.034112	0.041379	0.026333	-0.473443	33871400.000000
2015-11-06	0.001158	0.036594	0.042585	0.032400	0.135270	33042300.000000
2015-11-05	-0.004610	0.038120	0.045276	0.023892	-0.541092	39552700.000000
2015-11-04	-0.004650	0.044146	0.049997	0.031341	-0.548401	44886100.000000
2015-11-03	0.011471	0.036052	0.059211	0.035280	1.337326	45519000.000000
2015-11-02	0.014058	0.050705	0.055576	0.040354	1.616310	32203300.000000
2015-10-30	-0.008546	0.043364	0.045348	0.030084	-0.990952	49365300.000000
2015-10-29	0.010564	0.034430	0.051772	0.030683	1.212250	51227300.000000
2015-10-28	0.041205	0.060993	0.082498	0.053099	4.541085	85551400.000000
2015-10-27	-0.006332	0.040479	0.050758	0.027766	-0.702340	69884400.000000
2015-10-26	-0.031911	0.030669	0.031105	0.003087	-3.655960	66333800.000000
2015-10-23	0.030996	0.050196	0.072964	0.046867	3.444298	59366900.000000
2015-10-22	0.015295	0.044605	0.055295	0.042504	1.674057	41654100.000000
2015-10-21	-0.000088	0.041499	0.055934	0.038758	-0.009613	41795200.000000
2015-10-20	0.018258	0.035769	0.062096	0.030932	1.962677	48778800.000000
2015-10-19	0.006214	0.037151	0.046044	0.030692	0.663841	29759200.000000
2015-10-16	-0.007331	0.038654	0.040698	0.027039	-0.788933	39232600.000000
2015-10-15	0.014972	0.046188	0.057222	0.042038	1.587471	37673500.000000
2015-10-14	-0.014134	0.034749	0.036887	0.018663	-1.520118	44462400.000000
2015-10-13	0.001703	0.032133	0.047314	0.030829	0.182808	33049300.000000
2015-10-12	-0.004638	0.045053	0.045238	0.033094	-0.500290	30467200.000000
2015-10-09	0.023927	0.044144	0.065786	0.039303	2.520683	52766100.000000
2015-10-08	-0.011554	0.033862	0.033862	0.015284	-1.231483	61979600.000000
2015-10-07	-0.004761	0.043413	0.043693	0.021656	-0.509903	46765600.000000
2015-10-06	0.004784	0.037990	0.048405	0.029921	0.509903	48196800.000000
2015-10-05	0.003624	0.034689	0.048720	0.027062	0.384842	52064700.000000
2015-10-02	0.007301	0.024506	0.052961	0.020142	0.769676	58019800.000000
2015-10-01	-0.006528	0.027807	0.032990	0.011222	-0.692719	63929100.000000
2015-09-30	0.011370	0.049976	0.063033	0.036252	1.193001	66473000.000000
2015-09-29	-0.030060	0.043003	0.049289	-0.002940	-3.251884	73365400.000000
2015-09-28	-0.019789	0.031605	0.038129	0.018829	-2.183953	52109000.000000
2015-09-25	-0.002522	0.052413	0.054672	0.030540	-0.279007	56151900.000000
2015-09-24	0.005948	0.029669	0.050126	0.021668	0.654221	50219500.000000
2015-09-23	0.008113	0.041506	0.051496	0.038481	0.885139	35756700.000000
2015-09-22	-0.015710	0.022888	0.030105	0.015129	-1.741394	50346200.000000
2015-09-21	0.015513	0.041413	0.056988	0.041321	1.693283	50222000.000000
2015-09-18	-0.004126	0.023796	0.042865	0.020694	-0.452179	74285300.000000
2015-09-17	-0.021390	0.032701	0.040112	0.015379	-2.395629	64112600.000000
2015-09-16	0.001118	0.039129	0.041722	0.031889	0.125083	37173500.000000
2015-09-15	0.008412	0.044986	0.050395	0.031375	0.933236	43341200.000000
2015-09-14	0.009631	0.060966	0.063788	0.045313	1.058303	58363400.000000
2015-09-11	0.014569	0.032196	0.054540	0.031919	1.577843	49915500.000000
2015-09-10	0.021970	0.040530	0.068933	0.037038	2.328262	62892800.000000
2015-09-09	-0.019232	0.052817	0.055223	0.015891	-2.078125	85010800.000000
2015-09-08	0.027821	0.062988	0.070693	0.049385	2.924767	54843600.000000
2015-09-04	-0.009966	0.026213	0.040151	0.021881	-1.058304	49996300.000000
2015-09-03	-0.017536	0.040785	0.043469	0.018117	-1.895317	53233900.000000
2015-09-02	0.042889	0.063617	0.083976	0.053003	4.444870	61888800.000000
2015-09-01	-0.044697	0.015339	0.031286	-0.010379	-4.848968	76845900.000000
2015-08-31	-0.004678	0.027837	0.050774	0.027562	-0.509903	56229300.000000
2015-08-28	0.003277	0.032494	0.042987	0.026695	0.355972	53164400.000000
2015-08-27	0.029447	0.063466	0.073036	0.042524	3.107567	84616100.000000
2015-08-26	0.057355	0.072962	0.101016	0.052523	5.724479	96774600.000000
2015-08-25	0.006012	0.119933	0.119933	0.043228	0.596482	103601600.000000
2015-08-24	-0.024962	-0.067628	0.069274	-0.095834	-2.539925	162206300.000000
2015-08-21	-0.061163	0.018914	0.032477	-0.025190	-6.628837	128275500.000000
2015-08-20	-0.020520	0.030993	0.033433	0.008851	-2.270546	68501600.000000
2015-08-19	-0.012790	0.035829	0.039576	0.023160	-1.433510	47445700.000000
2015-08-18	-0.005634	0.032921	0.041881	0.029195	-0.635010	34560700.000000
2015-08-17	0.010349	0.040115	0.054546	0.035274	1.154533	40884700.000000
2015-08-14	0.007034	0.031905	0.049868	0.029107	0.779290	42929500.000000
2015-08-13	-0.000781	0.046613	0.049860	0.033084	-0.086579	48535800.000000
2015-08-12	0.015420	0.030605	0.057073	0.004046	1.683670	101217500.000000
2015-08-11	-0.052038	0.022815	0.026027	-0.016080	-5.993866	97082800.000000
2015-08-10	0.036357	0.048485	0.079616	0.048485	4.040795	54951600.000000
2015-08-07	0.003388	0.034432	0.049509	0.033710	0.375229	38670400.000000
2015-08-06	0.002176	0.049259	0.054055	0.032521	0.240516	52903000.000000
2015-08-05	0.006630	0.028710	0.069604	0.020969	0.727906	99312600.000000
2015-08-04	-0.032084	0.035111	0.037579	-0.001650	-3.639489	124138600.000000
2015-08-03	-0.023578	0.045824	0.055034	0.011566	-2.739196	69976000.000000
2015-07-31	-0.008744	0.046065	0.046406	0.031645	-1.024811	42885000.000000
2015-07-30	-0.005041	0.038414	0.040537	0.033236	-0.593804	33628300.000000
2015-07-29	-0.003161	0.042156	0.045118	0.034709	-0.373535	37011700.000000
2015-07-28	0.004969	0.049290	0.053798	0.042231	0.584244	33618100.000000
2015-07-27	-0.013896	0.032277	0.036638	0.024143	-1.656937	44455500.000000
2015-07-24	-0.005273	0.045437	0.048941	0.033591	-0.632110	42162300.000000
2015-07-23	-0.000479	0.052274	0.059695	0.042768	-0.057473	50999500.000000
2015-07-22	-0.042294	-0.025851	0.002179	-0.025851	-5.296409	115450600.000000
2015-07-21	-0.009995	0.050269	0.050822	0.030267	-1.264275	76756400.000000
2015-07-20	0.018902	0.054977	0.071087	0.052802	2.346543	58900200.000000
2015-07-17	0.008637	0.048733	0.053121	0.042477	1.063102	46164700.000000
2015-07-16	0.013326	0.051677	0.058510	0.048466	1.618622	36222400.000000
2015-07-15	0.009633	0.045017	0.056903	0.043853	1.158898	33649200.000000
2015-07-14	-0.000398	0.047260	0.050002	0.038951	-0.047898	31768100.000000
2015-07-13	0.019306	0.058924	0.065106	0.052910	2.279473	41440500.000000
2015-07-10	0.026734	0.060363	0.076972	0.054015	3.074409	61354500.000000
2015-07-09	-0.020397	0.055006	0.056795	0.015566	-2.394401	77821600.000000
2015-07-08	-0.024823	0.034051	0.035380	0.017935	-2.988213	60761600.000000
2015-07-07	-0.002460	0.043191	0.045345	0.025623	-0.296906	46946800.000000
2015-07-06	-0.003480	0.031716	0.042368	0.030973	-0.421402	28060400.000000
2015-07-02	-0.001264	0.042700	0.044845	0.037257	-0.153251	27211000.000000
2015-07-01	0.009328	0.056339	0.056672	0.048764	1.120582	30238800.000000
2015-06-30	0.007227	0.052822	0.057434	0.046869	0.861992	44370700.000000
2015-06-29	-0.017515	0.033476	0.041796	0.025403	-2.126236	49161400.000000
2015-06-26	-0.005882	0.045494	0.048115	0.035995	-0.718322	44066800.000000
2015-06-25	-0.004762	0.050215	0.052986	0.039131	-0.584237	31938100.000000
2015-06-24	0.008502	0.045582	0.066870	0.044842	1.034386	55280900.000000
2015-06-23	-0.004545	0.043039	0.044102	0.038129	-0.555504	30268900.000000
2015-06-22	0.007978	0.051442	0.056143	0.048061	0.967339	34039300.000000
2015-06-19	-0.010009	0.042714	0.043613	0.032019	-1.225922	54716900.000000
2015-06-18	0.004556	0.043528	0.052386	0.043446	0.555489	35407200.000000
2015-06-17	-0.002351	0.045084	0.046393	0.037065	-0.287331	32918100.000000
2015-06-16	0.005358	0.045007	0.051753	0.039578	0.651276	31494100.000000
2015-06-15	-0.001966	0.035317	0.044677	0.032115	-0.239441	43988900.000000
2015-06-12	-0.011043	0.040855	0.041991	0.032085	-1.360001	36886200.000000
2015-06-11	-0.002250	0.046533	0.054634	0.040862	-0.277771	35390900.000000
2015-06-10	0.011458	0.048199	0.059835	0.047626	1.398339	39087300.000000
2015-06-09	-0.002973	0.035115	0.046390	0.026292	-0.363953	56075400.000000
2015-06-08	-0.006607	0.046131	0.048647	0.029331	-0.814102	52674800.000000
2015-06-05	-0.005489	0.045232	0.046766	0.036031	-0.680008	35626800.000000
2015-06-04	-0.005841	0.039769	0.047793	0.034393	-0.727890	38450100.000000
2015-06-03	0.001231	0.049726	0.051976	0.043620	0.153221	30889400.000000
2015-06-02	-0.004443	0.038663	0.045062	0.034344	-0.555481	33667600.000000
2015-06-01	0.001996	0.044102	0.052998	0.042259	0.249016	32112800.000000
2015-05-29	-0.011383	0.039745	0.041488	0.029207	-1.436630	50884500.000000
2015-05-28	-0.001969	0.042679	0.043391	0.036669	-0.249032	30733300.000000
2015-05-27	0.018670	0.049902	0.065368	0.047566	2.317788	45833200.000000
2015-05-26	-0.022031	0.044575	0.047017	0.017161	-2.796654	70697600.000000
2015-05-22	0.008752	0.045771	0.056658	0.044182	1.101410	45596000.000000
2015-05-21	0.010226	0.044183	0.056706	0.042256	1.273826	39730400.000000
2015-05-20	-0.000077	0.043540	0.051407	0.038242	-0.009574	36454900.000000
2015-05-19	-0.000922	0.048112	0.049636	0.039691	-0.114953	44633200.000000
2015-05-18	0.011028	0.040940	0.059913	0.040778	1.360032	50882900.000000
2015-05-15	-0.001396	0.045074	0.048475	0.038111	-0.172394	38208000.000000
2015-05-14	0.023331	0.055702	0.068463	0.053631	2.815811	45203500.000000
2015-05-13	0.001112	0.046425	0.055052	0.044102	0.134087	34694200.000000
2015-05-12	-0.003562	0.038151	0.048731	0.031704	-0.430977	48160000.000000
2015-05-11	-0.010187	0.042220	0.043611	0.027821	-1.245118	42035800.000000
2015-05-08	0.018841	0.055939	0.063774	0.051187	2.260338	55550400.000000
2015-05-07	0.006185	0.046451	0.057438	0.040160	0.737480	43940900.000000
2015-05-06	-0.006280	0.054798	0.056381	0.028128	-0.753486	72141000.000000
2015-05-05	-0.022533	0.043983	0.046427	0.024676	-2.765961	49271400.000000
2015-05-04	-0.001939	0.052936	0.061636	0.042853	-0.238434	50988300.000000
2015-05-01	0.030364	0.056422	0.090184	0.049720	3.624352	58512600.000000
2015-04-30	-0.027130	0.048464	0.048464	0.015373	-3.328690	83195400.000000
2015-04-29	-0.014706	0.045251	0.056735	0.030315	-1.831253	63386100.000000
2015-04-28	-0.015756	0.062770	0.063402	0.024119	-1.993378	118924000.000000
2015-04-27	0.018192	0.064801	0.071400	0.055465	2.260460	96954200.000000
2015-04-24	0.004704	0.055094	0.056226	0.044906	0.581788	44525900.000000
2015-04-23	0.008164	0.045855	0.063136	0.044551	1.001457	45770900.000000
2015-04-22	0.013474	0.049124	0.064656	0.043589	1.630951	37654500.000000
2015-04-21	-0.005407	0.052572	0.053394	0.040822	-0.658089	32435100.000000
2015-04-20	0.022846	0.055355	0.076787	0.051993	2.718262	47054300.000000
2015-04-17	-0.011255	0.043311	0.048214	0.034254	-1.354363	51957000.000000
2015-04-16	-0.004811	0.044329	0.051110	0.042923	-0.581802	28369000.000000
2015-04-15	0.003800	0.049377	0.055354	0.046056	0.457802	28970400.000000
2015-04-14	-0.004336	0.049703	0.052100	0.040694	-0.524575	25524600.000000
2015-04-13	-0.001967	0.058940	0.060590	0.044421	-0.238441	36365100.000000
2015-04-10	0.004267	0.043410	0.053848	0.037694	0.515045	40188000.000000
2015-04-09	0.007643	0.050550	0.056644	0.040617	0.915619	32484000.000000
2015-04-08	-0.003254	0.047132	0.051708	0.039810	-0.391060	37329200.000000
2015-04-07	-0.010522	0.050851	0.054803	0.037185	-1.278038	35012300.000000
2015-04-06	0.016198	0.041352	0.066786	0.040181	1.936157	37194000.000000
2015-04-02	0.008612	0.055045	0.059518	0.047957	1.020539	32220100.000000
2015-04-01	-0.001447	0.051750	0.054278	0.037257	-0.171669	40621400.000000
2015-03-31	-0.015352	0.046140	0.049459	0.031787	-1.850342	42090600.000000
2015-03-30	0.025314	0.055269	0.075260	0.054844	2.975784	47099700.000000
2015-03-27	-0.007968	0.051248	0.052345	0.037240	-0.944244	39546200.000000
2015-03-26	0.006970	0.043195	0.061210	0.041835	0.820251	47572900.000000
2015-03-25	-0.026127	0.047222	0.049539	0.021071	-3.156997	51655200.000000
2015-03-24	-0.004088	0.048628	0.055304	0.043106	-0.495957	32842300.000000
2015-03-23	0.010405	0.058623	0.064703	0.053627	1.249436	37709700.000000
2015-03-20	-0.012549	0.054631	0.055864	0.029221	-1.526040	68695100.000000
2015-03-19	-0.007550	0.050749	0.054829	0.039731	-0.925155	45809500.000000
2015-03-18	0.011256	0.048134	0.065960	0.042934	1.363907	65270900.000000
2015-03-17	0.016727	0.056435	0.068350	0.054337	1.993393	51023100.000000
2015-03-16	0.011004	0.050924	0.060001	0.042356	1.297134	35874300.000000
2015-03-13	-0.006910	0.048042	0.056467	0.032709	-0.820236	51827300.000000
2015-03-12	0.018079	0.049064	0.071279	0.043232	2.107841	48362700.000000
2015-03-11	-0.018232	0.050485	0.050653	0.028254	-2.165085	68939000.000000
2015-03-10	-0.020686	0.042444	0.049123	0.020920	-2.508430	68856600.000000
2015-03-09	0.004265	0.059727	0.073060	0.035710	0.515045	88528500.000000
2015-03-06	0.001503	0.064969	0.073014	0.047219	0.181198	72842100.000000
2015-03-05	-0.016571	0.048790	0.050177	0.025788	-2.031524	56517100.000000
2015-03-04	-0.006339	0.046356	0.050085	0.040034	-0.782105	31666300.000000
2015-03-03	0.002092	0.047408	0.051956	0.040342	0.257523	37816300.000000
2015-03-02	0.004904	0.054911	0.063318	0.047158	0.600860	48096700.000000
2015-02-27	-0.015028	0.045087	0.049670	0.030938	-1.869385	62014800.000000
2015-02-26	0.012656	0.048463	0.065396	0.030716	1.554642	91287500.000000
2015-02-25	-0.025573	0.043625	0.043942	0.016574	-3.223755	74711700.000000
2015-02-24	-0.006241	0.047991	0.053194	0.034037	-0.791626	69228100.000000
2015-02-23	0.027027	0.052674	0.076800	0.049759	3.338196	70974100.000000
2015-02-20	0.008175	0.049851	0.057034	0.045199	1.001488	48948400.000000
2015-02-19	-0.002098	0.046509	0.050989	0.045287	-0.257538	37362400.000000
2015-02-18	0.006963	0.046823	0.056256	0.045347	0.848885	44891700.000000
2015-02-17	0.005902	0.051846	0.063314	0.047143	0.715316	63152400.000000
2015-02-13	0.004903	0.055262	0.055262	0.041748	0.591339	54272200.000000
2015-02-12	0.012652	0.058371	0.070293	0.054257	1.506981	74474500.000000
2015-02-11	0.023439	0.054908	0.073382	0.052588	2.727799	73561800.000000
2015-02-10	0.019212	0.052405	0.069745	0.052317	2.193687	62008500.000000
2015-02-09	0.006643	0.045114	0.056486	0.044056	0.753487	38889800.000000
2015-02-06	-0.008421	0.049163	0.051173	0.035439	-0.963326	43706600.000000
2015-02-05	0.007137	0.056651	0.058500	0.049872	0.810708	42246200.000000
2015-02-04	0.007670	0.051271	0.069103	0.049585	0.864540	70149700.000000
2015-02-03	0.000169	0.051448	0.056683	0.043551	0.018997	51915700.000000
2015-02-02	0.012547	0.060598	0.070660	0.042898	1.396538	62739100.000000
2015-01-30	-0.014634	0.048175	0.062339	0.034453	-1.653061	83745500.000000
2015-01-29	0.031134	0.061821	0.088020	0.054884	3.410606	84436400.000000
2015-01-28	0.056533	0.134483	0.139209	0.112108	5.861672	146477100.000000
2015-01-27	-0.035013	0.046273	0.046831	0.014723	-3.762108	95568700.000000
2015-01-26	0.001062	0.059682	0.065458	0.050924	0.113990	55615000.000000
2015-01-23	0.005160	0.051665	0.065244	0.044454	0.551026	46464800.000000
2015-01-22	0.026015	0.059423	0.080658	0.054235	2.707573	53796400.000000
2015-01-21	0.007634	0.054828	0.075257	0.048245	0.788528	48575900.000000
2015-01-20	0.025757	0.070974	0.082196	0.057666	2.593575	49899900.000000
2015-01-16	-0.007770	0.054671	0.060091	0.036638	-0.788521	78513300.000000
2015-01-15	-0.027140	0.054519	0.055094	0.022500	-2.831085	60014000.000000
2015-01-14	-0.003811	0.041332	0.055180	0.036175	-0.399010	48337000.000000
2015-01-13	0.008879	0.073605	0.086805	0.049326	0.921524	67091900.000000
2015-01-12	-0.024641	0.058146	0.058428	0.022436	-2.622078	49650800.000000
2015-01-09	0.001073	0.059939	0.065396	0.036797	0.114021	53699500.000000
2015-01-08	0.038422	0.067059	0.095585	0.061882	3.933091	59364500.000000
2015-01-07	0.014022	0.061913	0.071819	0.056960	1.415550	40105900.000000
2015-01-06	0.000094	0.055474	0.064291	0.036552	0.009498	65797100.000000
2015-01-05	-0.028172	0.042589	0.046055	0.014861	-2.926078	64285500.000000
2015-01-02	-0.009513	0.062233	0.062710	0.023707	-0.997521	53204600.000000
2014-12-31	-0.019019	0.055408	0.058308	0.030992	-2.033050	41403400.000000
2014-12-30	-0.012203	0.050106	0.052694	0.035968	-1.320557	29881500.000000
2014-12-29	-0.000702	0.050755	0.059804	0.049924	-0.075996	27598900.000000
2014-12-26	0.017677	0.053447	0.076189	0.052601	1.881042	33721000.000000
2014-12-24	-0.004709	0.052976	0.054191	0.047644	-0.503517	14479600.000000
2014-12-23	-0.003542	0.055304	0.056236	0.048128	-0.379997	26028400.000000
2014-12-22	0.010378	0.056180	0.068704	0.054391	1.102035	45167500.000000
2014-12-19	-0.007723	0.048957	0.058114	0.043351	-0.826530	88429800.000000
2014-12-18	0.029613	0.076268	0.083773	0.064627	3.078087	59006200.000000
2014-12-17	0.024918	0.056250	0.083070	0.053292	2.527076	53411800.000000
2014-12-16	-0.013675	0.034512	0.071372	0.033442	-1.406051	60790700.000000
2014-12-15	-0.013670	0.061906	0.070540	0.020178	-1.425041	67218100.000000
2014-12-12	-0.016932	0.041662	0.054959	0.033364	-1.795556	56028100.000000
2014-12-11	-0.002948	0.055516	0.069996	0.046866	-0.313491	41401700.000000
2014-12-10	-0.019015	0.055276	0.059335	0.028804	-2.061570	44565300.000000
2014-12-09	0.015303	0.031905	0.070395	0.024039	1.634049	60208000.000000
2014-12-08	-0.022609	0.044364	0.049398	0.021664	-2.470070	57664900.000000
2014-12-05	-0.004243	0.057159	0.057979	0.044854	-0.465515	38318900.000000
2014-12-04	-0.003795	0.051149	0.064132	0.046790	-0.418015	42044500.000000
2014-12-03	0.011341	0.062886	0.068395	0.057009	1.235039	43063400.000000
2014-12-02	-0.003824	0.038240	0.058822	0.031379	-0.417992	59348900.000000
2014-12-01	-0.032456	0.051539	0.055434	-0.015194	-3.667114	83814000.000000
2014-11-28	-0.000588	0.054990	0.056140	0.044198	-0.066513	24814400.000000
2014-11-26	0.011905	0.055645	0.066028	0.054660	1.330048	40768300.000000
2014-11-25	-0.008682	0.056506	0.062539	0.042131	-0.978531	68840400.000000
2014-11-24	0.018546	0.056036	0.073388	0.053957	2.052055	47450800.000000
2014-11-21	0.001376	0.063461	0.064004	0.050067	0.152001	57179300.000000
2014-11-20	0.014302	0.054804	0.072704	0.054254	1.558036	43395500.000000
2014-11-19	-0.006928	0.052328	0.055063	0.037378	-0.760002	41869200.000000
2014-11-18	0.012984	0.052140	0.068300	0.051678	1.406037	44224000.000000
2014-11-17	-0.001664	0.053431	0.081180	0.044489	-0.180527	46746700.000000
2014-11-14	0.012055	0.055680	0.065383	0.037580	1.292045	44063600.000000
2014-11-13	0.014112	0.057805	0.073417	0.055913	1.491555	59522900.000000
2014-11-12	0.014130	0.049531	0.069201	0.049435	1.472549	46942400.000000
2014-11-11	0.007994	0.051344	0.061500	0.048443	0.826515	27442300.000000
2014-11-10	-0.001651	0.052698	0.055691	0.049318	-0.171005	27195500.000000
2014-11-07	0.002852	0.053086	0.058605	0.051149	0.294510	33691500.000000
2014-11-06	0.002860	0.054641	0.056486	0.046872	0.294502	34968500.000000
2014-11-05	0.002394	0.062033	0.063980	0.052590	0.245941	37435900.000000
2014-11-04	-0.007313	0.056779	0.058035	0.040931	-0.756736	41574400.000000
2014-11-03	0.012963	0.059319	0.079679	0.057264	1.324295	52282600.000000
2014-10-31	0.009534	0.067344	0.067640	0.059438	0.964836	44639300.000000
2014-10-30	-0.003354	0.053423	0.057264	0.042984	-0.340515	40654800.000000
2014-10-29	0.005621	0.056274	0.063405	0.053402	0.567550	52687900.000000
2014-10-28	0.015508	0.060083	0.073560	0.059580	1.541855	48060900.000000
2014-10-27	-0.001045	0.053448	0.059778	0.051941	-0.104034	34187700.000000
2014-10-24	0.003720	0.060695	0.063821	0.054140	0.368881	47053900.000000
2014-10-23	0.017866	0.068354	0.078311	0.063735	1.740509	71074700.000000
2014-10-22	0.005075	0.060983	0.074085	0.058507	0.491898	68263100.000000
2014-10-21	0.027165	0.091712	0.091712	0.073167	2.563438	94623900.000000
2014-10-20	0.021399	0.064201	0.081952	0.063119	1.976997	77517300.000000
2014-10-17	0.014648	0.070784	0.087257	0.063206	1.333741	68179700.000000
2014-10-16	-0.013123	0.035598	0.059117	0.034080	-1.210778	72154500.000000
2014-10-15	-0.012253	0.048815	0.061448	0.018947	-1.144569	100933600.000000
2014-10-14	-0.010620	0.063309	0.064686	0.044032	-1.002686	63688600.000000
2014-10-13	-0.009133	0.063463	0.068186	0.047510	-0.870239	53583400.000000
2014-10-10	-0.002871	0.053713	0.067735	0.049631	-0.274307	66331600.000000
2014-10-09	0.002182	0.064927	0.073737	0.055173	0.208099	77376500.000000
2014-10-08	0.020759	0.057273	0.082431	0.052455	1.939133	57404700.000000
2014-10-07	-0.008733	0.055149	0.062472	0.047721	-0.822960	42094200.000000
2014-10-06	0.000000	0.060668	0.068096	0.055043	0.000000	37051200.000000
2014-10-03	-0.002803	0.052298	0.060446	0.048065	-0.264854	43469600.000000
2014-10-02	0.007260	0.058125	0.068251	0.045015	0.681076	47757800.000000
2014-10-01	-0.015583	0.055487	0.056536	0.035655	-1.485115	51491300.000000
2014-09-30	0.006393	0.064558	0.072267	0.061601	0.605400	55264100.000000
2014-09-29	-0.006352	0.035131	0.053913	0.034921	-0.605400	49766300.000000
2014-09-26	0.029427	0.064295	0.088275	0.062891	2.724258	62370500.000000
2014-09-25	-0.038133	0.044282	0.046360	0.015295	-3.670181	100092000.000000
2014-09-24	-0.008671	0.052222	0.059329	0.042334	-0.841858	60171800.000000
2014-09-23	0.015634	0.052354	0.076832	0.051726	1.494545	63402200.000000
2014-09-22	0.000991	0.065962	0.069522	0.053187	0.094597	52788400.000000
2014-09-19	-0.008154	0.062359	0.062982	0.043768	-0.785126	70902400.000000
2014-09-18	0.002067	0.060808	0.065179	0.056958	0.198654	37299400.000000
2014-09-17	0.007139	0.061463	0.067018	0.054336	0.681069	60926500.000000
2014-09-16	-0.007576	0.038130	0.053317	0.028664	-0.728356	66908100.000000
2014-09-15	-0.000295	0.069125	0.071620	0.054878	-0.028396	61316500.000000
2014-09-12	0.002268	0.054873	0.065087	0.053518	0.217559	62626100.000000
2014-09-11	0.004257	0.050990	0.061771	0.042721	0.406754	62353100.000000
2014-09-10	0.030717	0.057381	0.090826	0.054684	2.847229	100869600.000000
2014-09-09	-0.003762	0.064904	0.107896	0.033305	-0.349983	189846300.000000
2014-09-08	-0.006163	0.060691	0.060798	0.047339	-0.577011	46356700.000000
2014-09-05	0.008663	0.064492	0.070849	0.059213	0.804039	58457000.000000
2014-09-04	-0.008288	0.056204	0.069453	0.044878	-0.775666	85718000.000000
2014-09-03	-0.042207	0.055119	0.056142	0.008861	-4.124252	125421000.000000
2014-09-02	0.007805	0.062942	0.069955	0.059435	0.756767	53564000.000000
2014-08-29	0.002445	0.063473	0.063886	0.056649	0.236481	44595000.000000
2014-08-28	0.001175	0.051576	0.063894	0.051265	0.113495	68460000.000000
2014-08-27	0.012291	0.058528	0.074769	0.055175	1.172951	52369000.000000
2014-08-26	-0.006402	0.055916	0.056749	0.050086	-0.614861	33152000.000000
2014-08-25	0.002172	0.062070	0.066035	0.056748	0.208122	40270000.000000
2014-08-22	0.007357	0.054118	0.066520	0.053067	0.699982	44184000.000000
2014-08-21	0.000099	0.057166	0.061055	0.052330	0.009453	33478000.000000
2014-08-20	0.000398	0.056219	0.063055	0.051066	0.037842	52699000.000000
2014-08-19	0.013816	0.059831	0.073371	0.058871	1.295906	69399000.000000
2014-08-18	0.012043	0.062669	0.072163	0.057166	1.116211	47572000.000000
2014-08-15	0.004923	0.061503	0.064647	0.050226	0.454033	48951000.000000
2014-08-14	0.002674	0.058144	0.060753	0.052382	0.245948	28116000.000000
2014-08-13	0.013233	0.059148	0.071155	0.057937	1.201310	31916000.000000
2014-08-12	-0.000208	0.057717	0.066968	0.052981	-0.018891	33795000.000000
2014-08-11	0.013194	0.063080	0.072118	0.058281	1.182381	36585000.000000
2014-08-08	0.002752	0.054704	0.060970	0.043739	0.245949	41865000.000000
2014-08-07	-0.000106	0.062089	0.073501	0.052802	-0.009446	46711000.000000
2014-08-06	-0.001682	0.058292	0.066445	0.057845	-0.150611	38558000.000000
2014-08-05	-0.004917	0.059868	0.063424	0.048753	-0.442391	55933000.000000
2014-08-04	-0.005617	0.065077	0.067397	0.051814	-0.508270	39958000.000000
2014-08-01	0.005544	0.054645	0.073760	0.053645	0.498871	48511000.000000
2014-07-31	-0.025981	0.051708	0.054847	0.031899	-2.400185	56843000.000000
2014-07-30	-0.002338	0.063072	0.065880	0.054757	-0.216469	33010000.000000
2014-07-29	-0.006463	0.065750	0.066931	0.054163	-0.602401	43143000.000000
2014-07-28	0.013822	0.064056	0.079502	0.061119	1.270683	55318000.000000
2014-07-25	0.006596	0.060453	0.071293	0.058154	0.602371	43469000.000000
2014-07-24	-0.001646	0.060784	0.063845	0.054007	-0.150589	45729000.000000
2014-07-23	0.026077	0.070276	0.097868	0.067471	2.324867	92918000.000000
2014-07-22	0.008303	0.070793	0.073168	0.064460	0.734169	55197000.000000
2014-07-21	-0.005189	0.068725	0.068837	0.054436	-0.461204	39079000.000000
2014-07-18	0.014395	0.068473	0.081255	0.061625	1.261276	49988000.000000
2014-07-17	-0.017831	0.065226	0.068029	0.037651	-1.590706	57298000.000000
2014-07-16	-0.005665	0.080815	0.082264	0.055959	-0.508278	53396300.000000
2014-07-15	-0.011716	0.066280	0.066830	0.046782	-1.063598	45477900.000000
2014-07-14	0.012917	0.069565	0.081057	0.067222	1.157730	42810000.000000
2014-07-11	0.001894	0.066001	0.071926	0.060412	0.169433	34018000.000000
2014-07-10	-0.003669	0.044270	0.064206	0.041597	-0.329445	39686000.000000
2014-07-09	0.000420	0.063427	0.069110	0.055850	0.037652	36436000.000000
2014-07-08	-0.006460	0.065745	0.071613	0.039730	-0.583580	65222000.000000
2014-07-07	0.020632	0.063667	0.084570	0.063215	1.826019	56468000.000000
2014-07-03	0.005884	0.064583	0.069470	0.059242	0.517677	22891800.000000
2014-07-02	-0.000428	0.066400	0.068559	0.057539	-0.037636	28465000.000000
2014-07-01	0.006349	0.069169	0.075457	0.064711	0.555321	38223000.000000
2014-06-30	0.010328	0.063810	0.082638	0.063695	0.894180	49482300.000000
2014-06-27	0.011881	0.061489	0.075281	0.060905	1.016548	64029000.000000
2014-06-26	0.005976	0.062542	0.070537	0.055840	0.508271	32629000.000000
2014-06-25	0.000886	0.061600	0.067367	0.055010	0.075302	36869000.000000
2014-06-24	-0.006055	0.061489	0.073068	0.054938	-0.517670	39036000.000000
2014-06-23	-0.000880	0.067216	0.070722	0.058801	-0.075317	43694000.000000
2014-06-20	-0.010342	0.062309	0.070405	0.051321	-0.894173	100898000.000000
2014-06-19	-0.003472	0.063692	0.063807	0.052743	-0.301201	35528000.000000
2014-06-18	0.001086	0.064616	0.064847	0.054001	0.094116	33514000.000000
2014-06-17	-0.001301	0.063692	0.068186	0.057815	-0.112945	29726000.000000
2014-06-16	0.010079	0.065101	0.079534	0.064403	0.865959	35561000.000000
2014-06-13	-0.010944	0.061388	0.064151	0.046192	-0.950668	54525000.000000
2014-06-12	-0.016727	0.064462	0.065367	0.040238	-1.477753	54749000.000000
2014-06-11	-0.004138	0.061072	0.068173	0.053632	-0.367065	45681000.000000
2014-06-10	0.005870	0.074103	0.077731	0.060950	0.517662	62777000.000000
2014-06-09	0.016001	0.067904	0.081498	0.056960	1.389007	75415000.000000
2014-06-06	-0.002750	0.066609	0.068841	0.057698	-0.239334	87484600.000000
2014-06-05	0.003924	0.064698	0.069921	0.058783	0.340187	75951400.000000
2014-06-04	0.011419	0.062257	0.079672	0.060041	0.978882	83870500.000000
2014-06-03	0.014142	0.062103	0.079476	0.061748	1.195389	73177300.000000
2014-06-02	-0.006872	0.064035	0.065495	0.044801	-0.584931	92337700.000000
2014-05-30	-0.003746	0.066772	0.077122	0.051589	-0.320015	141005200.000000
2014-05-29	0.018221	0.068962	0.084319	0.068826	1.528855	94118500.000000
2014-05-28	-0.002589	0.063086	0.069557	0.059283	-0.217827	78870400.000000
2014-05-27	0.018726	0.065451	0.082717	0.065019	1.546318	87216500.000000
2014-05-23	0.011297	0.062389	0.075475	0.061025	0.922424	58052400.000000
2014-05-22	0.001583	0.062932	0.068627	0.058552	0.129090	50190000.000000
2014-05-21	0.002646	0.060878	0.065920	0.057768	0.215126	49214900.000000
2014-05-20	0.000199	0.062284	0.065605	0.055641	0.016144	58709000.000000
2014-05-19	0.011849	0.063029	0.079885	0.062104	0.951995	79438800.000000
2014-05-16	0.014759	0.062081	0.078140	0.056253	1.168503	69064100.000000
2014-05-15	-0.008504	0.063909	0.067308	0.051994	-0.679039	57711500.000000
2014-05-14	0.000185	0.060044	0.068937	0.058810	0.014786	41601000.000000
2014-05-13	0.001569	0.060937	0.065489	0.058607	0.125053	39934300.000000
2014-05-12	0.012450	0.065962	0.077157	0.065799	0.980225	53302200.000000
2014-05-09	-0.004167	0.056190	0.059280	0.048583	-0.329430	72899400.000000
2014-05-08	-0.001782	0.060999	0.072110	0.057663	-0.141166	57574300.000000
2014-05-07	-0.003500	0.069868	0.073534	0.056352	-0.278160	70716100.000000
2014-05-06	-0.010899	0.069851	0.074491	0.056714	-0.875840	93641100.000000
2014-05-05	0.014142	0.063959	0.083538	0.063707	1.120552	71766800.000000
2014-05-02	0.001860	0.069911	0.073271	0.065161	0.147080	47878600.000000
2014-05-01	0.002356	0.071816	0.076886	0.061605	0.185882	61012000.000000
2014-04-30	-0.003782	0.068918	0.081164	0.063795	-0.299514	114160200.000000
2014-04-29	-0.002963	0.067729	0.071757	0.060122	-0.235344	84344400.000000
2014-04-28	0.038728	0.069965	0.112834	0.069498	2.961807	167371400.000000
2014-04-25	0.007344	0.062261	0.076299	0.061189	0.557587	97568800.000000
2014-04-24	0.081982	0.156840	0.160484	0.141611	5.752495	189977900.000000
2014-04-23	-0.013071	0.063053	0.067213	0.053790	-0.929337	98735000.000000
2014-04-22	0.000998	0.062606	0.069685	0.058965	0.070862	50640800.000000
2014-04-21	0.011868	0.069172	0.083011	0.066364	0.833061	45637200.000000
2014-04-17	0.011426	0.070396	0.086370	0.068749	0.792946	71083600.000000
2014-04-16	0.002027	0.068544	0.074814	0.060479	0.140404	53691400.000000
2014-04-15	-0.007131	0.065471	0.068276	0.047162	-0.497429	66622500.000000
2014-04-14	0.003984	0.073066	0.073601	0.063423	0.276787	51418500.000000
2014-04-11	-0.007393	0.059215	0.067031	0.055419	-0.517487	67929400.000000
2014-04-10	-0.012898	0.069083	0.072226	0.053954	-0.914620	59913000.000000
2014-04-09	0.013144	0.066725	0.082747	0.065460	0.919976	51542400.000000
2014-04-08	-0.000058	0.071868	0.073766	0.058623	-0.004029	60972100.000000
2014-04-07	-0.015701	0.060724	0.066510	0.048410	-1.116523	72462600.000000
2014-04-04	-0.012936	0.070381	0.070757	0.052079	-0.931992	68812800.000000
2014-04-03	-0.006930	0.066074	0.068260	0.058690	-0.502777	40586000.000000
2014-04-02	0.001662	0.069798	0.071968	0.065617	0.120361	45105200.000000
2014-04-01	0.009148	0.070389	0.078569	0.068418	0.656548	50190000.000000
2014-03-31	-0.000224	0.073075	0.076219	0.066507	-0.016060	42167300.000000
2014-03-28	-0.001116	0.070067	0.071300	0.061977	-0.080238	50141000.000000
2014-03-27	-0.004298	0.068833	0.071762	0.059135	-0.310219	55507900.000000
2014-03-26	-0.009560	0.071358	0.076219	0.056342	-0.696648	74942000.000000
2014-03-25	0.010757	0.072935	0.081356	0.069151	0.775543	70573300.000000
2014-03-24	0.011860	0.079486	0.083656	0.072749	0.845101	88925200.000000
2014-03-21	0.007887	0.074885	0.078563	0.063569	0.557594	93511600.000000
2014-03-20	-0.004819	0.065603	0.071194	0.060495	-0.342316	52099600.000000
2014-03-19	-0.000263	0.070087	0.078089	0.063533	-0.018707	56189000.000000
2014-03-18	0.008846	0.066654	0.078966	0.065234	0.623085	52411800.000000
2014-03-17	0.003907	0.074487	0.079109	0.070720	0.274132	49886200.000000
2014-03-14	-0.011231	0.064613	0.068841	0.052956	-0.796944	59299800.000000
2014-03-13	-0.011107	0.070011	0.074431	0.053526	-0.796951	64435700.000000
2014-03-12	0.000970	0.065210	0.070869	0.060207	0.069542	49831600.000000
2014-03-11	0.009738	0.077474	0.084094	0.071719	0.691307	69806100.000000
2014-03-10	0.000905	0.064169	0.074179	0.064128	0.064171	44646000.000000
2014-03-07	-0.000584	0.069042	0.070834	0.058897	-0.041451	55182400.000000
2014-03-06	-0.003024	0.069221	0.072532	0.059809	-0.215286	46372200.000000
2014-03-05	0.002108	0.067715	0.075417	0.064115	0.149773	50015700.000000
2014-03-04	0.006594	0.074917	0.078237	0.068378	0.465332	64785000.000000
2014-03-03	0.002888	0.062633	0.077311	0.061395	0.203254	59695300.000000
2014-02-28	-0.002710	0.071213	0.078643	0.057121	-0.191223	92992200.000000
2014-02-27	0.019948	0.067925	0.091962	0.065674	1.379959	75470500.000000
2014-02-26	-0.009022	0.071530	0.074374	0.055138	-0.629821	69054300.000000
2014-02-25	-0.010406	0.072064	0.072449	0.055094	-0.734085	57988000.000000
2014-02-24	0.004379	0.064087	0.077857	0.062602	0.307556	72227400.000000
2014-02-21	-0.011108	0.071657	0.075237	0.055184	-0.788925	69696200.000000
2014-02-20	-0.011575	0.059650	0.067622	0.051717	-0.831742	76464500.000000
2014-02-19	-0.015788	0.065932	0.070119	0.045582	-1.152641	78442000.000000
2014-02-18	0.003677	0.072306	0.082498	0.071540	0.267441	65062900.000000
2014-02-14	-0.000808	0.064512	0.071400	0.062040	-0.058808	68231100.000000
2014-02-13	0.015879	0.065846	0.086160	0.064929	1.137909	76849500.000000
2014-02-12	-0.000075	0.070332	0.075534	0.062936	-0.005356	77025200.000000
2014-02-11	0.013176	0.071630	0.086050	0.069388	0.932023	70564200.000000
2014-02-10	0.017915	0.066261	0.093665	0.064905	1.244896	86389800.000000
2014-02-07	0.013990	0.086848	0.090079	0.078510	0.958747	92570100.000000
2014-02-06	0.005828	0.069448	0.076661	0.064731	0.397118	64441300.000000
2014-02-05	0.007469	0.070042	0.088462	0.069388	0.505104	82086200.000000
2014-02-04	0.014476	0.084011	0.091747	0.077389	0.965019	94170300.000000
2014-02-03	0.001858	0.079068	0.090061	0.071962	0.123612	100366000.000000
2014-01-31	0.001641	0.064861	0.078516	0.061356	0.108986	116199300.000000
2014-01-30	-0.001937	0.078595	0.087094	0.066061	-0.128930	169625400.000000
2014-01-29	-0.011352	0.069342	0.076599	0.058032	-0.764289	125702500.000000
2014-01-28	-0.079927	-0.006737	0.005446	-0.019798	-5.848511	266380800.000000
2014-01-27	0.008112	0.082626	0.091935	0.074123	0.588821	138719700.000000
2014-01-24	-0.018178	0.070540	0.073671	0.052666	-1.343826	107338700.000000
2014-01-23	0.008468	0.071694	0.084477	0.061696	0.620743	100809800.000000
2014-01-22	0.004444	0.078355	0.090843	0.072287	0.324333	94996300.000000
2014-01-21	0.015536	0.075389	0.093438	0.074256	1.116524	82131700.000000
2014-01-17	-0.024501	0.069382	0.070526	0.046927	-1.805046	106684900.000000
2014-01-16	-0.005580	0.070009	0.073770	0.063800	-0.413407	57319500.000000
2014-01-15	0.020077	0.088778	0.101917	0.085119	1.458145	97909700.000000
2014-01-14	0.019898	0.079748	0.096821	0.078625	1.416939	83140400.000000
2014-01-13	0.005235	0.068642	0.094032	0.068582	0.370835	94623200.000000
2014-01-10	-0.006672	0.081383	0.083327	0.063916	-0.475846	76244000.000000
2014-01-09	-0.012770	0.081358	0.081477	0.058715	-0.922462	69787200.000000
2014-01-08	0.006333	0.072305	0.085738	0.072066	0.454582	64632400.000000
2014-01-07	-0.007151	0.075524	0.078764	0.062878	-0.517036	79302300.000000
2014-01-06	0.005453	0.067740	0.086315	0.060091	0.392089	103152700.000000
2014-01-03	-0.021966	0.074229	0.075861	0.050077	-1.614975	98116900.000000
2014-01-02	-0.014064	0.064523	0.067109	0.057512	-1.048751	58671200.000000
2013-12-31	0.011722	0.074075	0.087855	0.073745	0.863983	55771100.000000
2013-12-30	-0.009945	0.069706	0.074753	0.059843	-0.740372	63407400.000000
2013-12-27	-0.006756	0.074601	0.075725	0.066367	-0.506424	56471100.000000
2013-12-26	-0.006641	0.075567	0.078218	0.066631	-0.501099	51002000.000000
2013-12-24	-0.004245	0.074376	0.078128	0.067099	-0.321685	41888700.000000
2013-12-23	0.038377	0.111908	0.117232	0.101650	2.800636	125326600.000000
2013-12-20	0.008375	0.076668	0.088867	0.075464	0.606125	109103400.000000
2013-12-19	-0.011457	0.072275	0.073250	0.061015	-0.838745	80077200.000000
2013-12-18	-0.007603	0.064509	0.067898	0.043401	-0.560906	141465800.000000
2013-12-17	-0.004502	0.071495	0.078493	0.066810	-0.333641	57475600.000000
2013-12-16	0.005537	0.075897	0.090668	0.075877	0.408066	70648200.000000
2013-12-13	-0.010900	0.079182	0.079240	0.061581	-0.812134	83205500.000000
2013-12-12	-0.001461	0.076246	0.082373	0.072207	-0.109001	65572500.000000
2013-12-11	-0.007409	0.077509	0.085053	0.063617	-0.556938	89929700.000000
2013-12-10	-0.001554	0.069345	0.077504	0.064829	-0.116974	69567400.000000
2013-12-09	0.011446	0.076442	0.093100	0.076442	0.852028	80123400.000000
2013-12-06	-0.013876	0.070760	0.072577	0.058988	-1.047424	86088100.000000
2013-12-05	0.005133	0.089305	0.094041	0.077435	0.385467	111895000.000000
2013-12-04	-0.002331	0.073197	0.080200	0.064315	-0.175445	94452400.000000
2013-12-03	0.027375	0.088538	0.104292	0.087329	2.005775	112742000.000000
2013-12-02	-0.008704	0.078483	0.090718	0.064606	-0.643341	118136200.000000
2013-11-29	0.018518	0.081682	0.099104	0.078395	1.343826	79531900.000000
2013-11-27	0.023547	0.080616	0.100141	0.074753	1.669495	90862100.000000
2013-11-26	0.018444	0.075533	0.100199	0.075287	1.284019	100345700.000000
2013-11-25	0.007580	0.077276	0.087303	0.077234	0.523705	57327900.000000
2013-11-22	-0.002571	0.071412	0.076857	0.069371	-0.178101	55931400.000000
2013-11-21	0.011922	0.080179	0.087713	0.071978	0.816132	65506700.000000
2013-11-20	-0.008758	0.074091	0.076553	0.063955	-0.604790	48479200.000000
2013-11-19	0.001774	0.075582	0.084596	0.073385	0.122276	52234700.000000
2013-11-18	-0.012115	0.074753	0.079257	0.060852	-0.845398	61236000.000000
2013-11-15	-0.006002	0.071538	0.076645	0.067285	-0.421348	79480100.000000
2013-11-14	0.014464	0.079253	0.092610	0.077313	1.000915	70604800.000000
2013-11-13	0.001192	0.070599	0.079383	0.068449	0.082398	49305200.000000
2013-11-12	0.001850	0.071896	0.084837	0.070508	0.127602	51069200.000000
2013-11-11	-0.002901	0.073576	0.077045	0.062056	-0.200715	56863100.000000
2013-11-08	0.015747	0.079136	0.092872	0.074963	1.072693	69829200.000000
2013-11-07	-0.016183	0.071988	0.079436	0.057133	-1.120544	65655100.000000
2013-11-06	-0.002833	0.078353	0.079814	0.066112	-0.196724	55843900.000000
2013-11-05	-0.002468	0.076575	0.085420	0.073332	-0.171776	66303300.000000
2013-11-04	0.012922	0.083252	0.095143	0.078492	0.888023	61156900.000000
2013-11-01	-0.005108	0.083758	0.085371	0.066840	-0.352829	68722500.000000
2013-10-31	-0.004191	0.081234	0.086362	0.073552	-0.290733	68924100.000000
2013-10-30	0.015909	0.087158	0.103708	0.081739	1.086266	88540900.000000
2013-10-29	-0.024911	0.094064	0.100144	0.049732	-1.744362	158951800.000000
2013-10-28	0.007453	0.087358	0.091387	0.075376	0.518020	137610200.000000
2013-10-25	-0.011186	0.079828	0.083710	0.067208	-0.786308	84448000.000000
2013-10-24	0.013239	0.081110	0.096493	0.075859	0.918450	96191200.000000
2013-10-23	0.009791	0.079219	0.093088	0.079219	0.672645	78430800.000000
2013-10-22	-0.002858	0.091499	0.095729	0.053389	-0.196884	133515900.000000
2013-10-21	0.024504	0.087146	0.113763	0.086615	1.647881	99526700.000000
2013-10-18	0.008702	0.084221	0.091228	0.083621	0.580154	72635500.000000
2013-10-17	0.006765	0.078590	0.088945	0.077943	0.447975	63398300.000000
2013-10-16	0.004873	0.085602	0.089374	0.082220	0.321129	62775300.000000
2013-10-15	0.005322	0.084232	0.094017	0.079895	0.348869	80018400.000000
2013-10-14	0.006554	0.074491	0.091491	0.073438	0.426850	65474500.000000
2013-10-11	0.006474	0.075177	0.090301	0.071137	0.418907	66934700.000000
2013-10-10	0.006268	0.091536	0.093891	0.082028	0.403053	69650700.000000
2013-10-09	0.011748	0.089345	0.096425	0.075049	0.746651	75431300.000000
2013-10-08	-0.013962	0.085882	0.087433	0.065048	-0.899948	72729300.000000
2013-10-07	0.009772	0.088928	0.102557	0.086220	0.623737	78073100.000000
2013-10-04	-0.000786	0.082034	0.083689	0.070272	-0.050201	64717100.000000
2013-10-03	-0.012562	0.083126	0.087189	0.061552	-0.812710	80688300.000000
2013-10-02	0.003279	0.075866	0.089535	0.071701	0.211418	72296000.000000
2013-10-01	0.023514	0.084883	0.109122	0.084724	1.481407	88470900.000000
2013-09-30	-0.012429	0.068712	0.078587	0.062352	-0.792904	65039100.000000
2013-09-27	-0.007137	0.075603	0.077582	0.068800	-0.458553	57010100.000000
2013-09-26	0.009740	0.091063	0.096810	0.086348	0.619778	59305400.000000
2013-09-25	-0.015478	0.081249	0.082221	0.064075	-1.000378	79239300.000000
2013-09-24	-0.003139	0.090370	0.091670	0.074814	-0.203507	91086100.000000
2013-09-23	0.049699	0.147382	0.149256	0.116159	3.069832	190526700.000000
2013-09-20	-0.010353	0.094074	0.095333	0.066608	-0.646198	174825700.000000
2013-09-19	0.016398	0.095033	0.106967	0.091659	1.006969	101135300.000000
2013-09-18	0.020557	0.099689	0.107215	0.093706	1.236912	114215500.000000
2013-09-17	0.011553	0.075840	0.104060	0.074736	0.687184	99845200.000000
2013-09-16	-0.031792	0.071959	0.073378	0.039917	-1.953167	135926700.000000
2013-09-13	-0.016480	0.073366	0.079061	0.062755	-1.029450	74708900.000000
2013-09-12	0.010648	0.082854	0.098802	0.077099	0.658116	101012800.000000
2013-09-11	-0.054444	0.020643	0.035242	0.015835	-3.558785	224674100.000000
2013-09-10	-0.022779	0.081092	0.083762	0.045426	-1.523674	185798900.000000
2013-09-09	0.015957	0.095739	0.102075	0.092441	1.050591	85171800.000000
2013-09-06	0.005956	0.087947	0.089998	0.069416	0.389808	89881400.000000
2013-09-05	-0.006858	0.084409	0.085341	0.070081	-0.451950	59091900.000000
2013-09-04	0.020693	0.105322	0.111252	0.098065	1.336045	86258200.000000
2013-09-03	0.002791	0.094074	0.110715	0.081316	0.179718	82982200.000000
2013-08-30	-0.009111	0.081687	0.083776	0.069595	-0.592026	68074300.000000
2013-08-29	0.001630	0.082680	0.093360	0.081534	0.105728	59914400.000000
2013-08-28	0.004728	0.075297	0.096980	0.075297	0.305260	76902000.000000
2013-08-27	-0.028590	0.070346	0.080039	0.045199	-1.900322	106047200.000000
2013-08-26	0.003892	0.080445	0.100835	0.079906	0.257705	82741400.000000
2013-08-23	-0.003857	0.081694	0.081866	0.073269	-0.256378	55682900.000000
2013-08-22	0.001194	0.086666	0.087978	0.072076	0.079292	61051900.000000
2013-08-21	0.002575	0.086465	0.094145	0.081308	0.170487	83969900.000000
2013-08-20	-0.013137	0.085222	0.087053	0.066294	-0.881455	89672100.000000
2013-08-19	0.010770	0.085353	0.105582	0.084621	0.714920	127629600.000000
2013-08-16	0.008878	0.085891	0.091949	0.083091	0.584130	90576500.000000
2013-08-15	-0.001184	0.076517	0.089485	0.060600	-0.077988	122573500.000000
2013-08-14	0.018241	0.099377	0.113443	0.089485	1.180107	189093100.000000
2013-08-13	0.047522	0.089309	0.144174	0.082624	2.935032	220485300.000000
2013-08-12	0.028408	0.086761	0.114806	0.086214	1.706055	91108500.000000
2013-08-09	-0.014230	0.075470	0.079738	0.063769	-0.866913	66716300.000000
2013-08-08	-0.001992	0.085544	0.086106	0.071713	-0.121582	63944300.000000
2013-08-07	-0.000580	0.084774	0.092259	0.080026	-0.035431	74714500.000000
2013-08-06	-0.008947	0.084851	0.093821	0.071291	-0.551392	83714400.000000
2013-08-05	0.014939	0.093224	0.107292	0.087248	0.907158	79713900.000000
2013-08-02	0.012832	0.091335	0.102867	0.088118	0.769322	68695900.000000
2013-08-01	0.009171	0.095908	0.098433	0.089921	0.544815	51562700.000000
2013-07-31	-0.001743	0.092174	0.097815	0.078828	-0.103722	80739400.000000
2013-07-30	0.012350	0.093439	0.110911	0.091665	0.725994	77355600.000000
2013-07-29	0.015420	0.087697	0.110373	0.086216	0.892723	62014400.000000
2013-07-26	0.005679	0.080225	0.094469	0.077842	0.326905	50038100.000000
2013-07-25	-0.004563	0.088635	0.090364	0.076555	-0.263882	57373400.000000
2013-07-24	0.051362	0.139952	0.154652	0.130421	2.825207	147984200.000000
2013-07-23	-0.017171	0.087374	0.089825	0.068766	-0.960999	92348900.000000
2013-07-22	0.003201	0.099714	0.100457	0.089497	0.178555	51949100.000000
2013-07-19	-0.015773	0.091543	0.093761	0.069490	-0.894039	67180400.000000
2013-07-18	0.003370	0.095929	0.099697	0.088924	0.190353	54719700.000000
2013-07-17	0.000256	0.086901	0.093275	0.083157	0.014442	49747600.000000
2013-07-16	0.006457	0.085824	0.096490	0.079841	0.362355	54134500.000000
2013-07-15	0.002180	0.084338	0.100794	0.083803	0.122078	60479300.000000
2013-07-12	-0.001825	0.089082	0.094532	0.078284	-0.102398	69890800.000000
2013-07-11	0.015592	0.093907	0.107615	0.089303	0.861210	81573100.000000
2013-07-10	-0.003836	0.081080	0.094478	0.077602	-0.212670	70351400.000000
2013-07-09	0.017588	0.084364	0.110319	0.075922	0.958359	88146100.000000
2013-07-08	-0.005678	0.095178	0.097498	0.070517	-0.311134	74534600.000000
2013-07-05	-0.008032	0.087105	0.094605	0.074072	-0.443737	68506200.000000
2013-07-03	0.005520	0.094328	0.099840	0.085461	0.303260	60232200.000000
2013-07-02	0.022653	0.090133	0.121165	0.088830	1.216992	117466300.000000
2013-07-01	0.032003	0.105070	0.131359	0.101036	1.665970	97763400.000000
2013-06-28	0.006984	0.081478	0.106100	0.074598	0.361042	144629100.000000
2013-06-27	-0.010777	0.091391	0.097241	0.075782	-0.563214	84311500.000000
2013-06-26	-0.011325	0.091598	0.094003	0.069328	-0.598640	91931000.000000
2013-06-25	0.000223	0.096708	0.102358	0.078136	0.011806	78540700.000000
2013-06-24	-0.026505	0.072113	0.075429	0.047507	-1.438858	120186500.000000
2013-06-21	-0.008013	0.092473	0.096415	0.065350	-0.438484	120279600.000000
2013-06-20	-0.014563	0.078647	0.095832	0.068023	-0.808696	89327700.000000
2013-06-19	-0.020312	0.087233	0.087888	0.066063	-1.151352	77735000.000000
2013-06-18	-0.000533	0.087057	0.095470	0.083657	-0.030201	48756400.000000
2013-06-17	0.004534	0.091683	0.102462	0.088950	0.256008	64853600.000000
2013-06-14	-0.013556	0.086768	0.088989	0.069545	-0.775875	67966500.000000
2013-06-13	0.008723	0.088946	0.100629	0.079504	0.494930	71458100.000000
2013-06-12	-0.012363	0.092890	0.097242	0.072997	-0.710236	66306800.000000
2013-06-11	-0.002939	0.080355	0.097761	0.074355	-0.169361	71528100.000000
2013-06-10	-0.006609	0.095357	0.106071	0.075826	-0.383346	112538300.000000
2013-06-07	0.007641	0.083301	0.100028	0.074044	0.439804	101133900.000000
2013-06-06	-0.014940	0.089046	0.092786	0.061127	-0.873020	104233500.000000
2013-06-05	-0.009348	0.079302	0.091580	0.074603	-0.551396	72647400.000000
2013-06-04	-0.003128	0.094201	0.097122	0.080126	-0.185116	73182200.000000
2013-06-03	0.002201	0.090585	0.094529	0.070623	0.129967	93088100.000000
2013-05-31	-0.004097	0.090382	0.101467	0.083153	-0.242866	96075700.000000
2013-05-30	0.014901	0.089877	0.111521	0.087089	0.870403	88379900.000000
2013-05-29	0.007951	0.084616	0.103104	0.083137	0.460804	82644100.000000
2013-05-28	-0.008334	0.099777	0.102735	0.077654	-0.487053	96536300.000000
2013-05-24	0.006808	0.084991	0.096829	0.083785	0.395157	69041700.000000
2013-05-23	0.001790	0.074852	0.100025	0.074457	0.103710	88255300.000000
2013-05-22	0.003844	0.099031	0.109673	0.084601	0.221867	110759600.000000
2013-05-21	-0.007383	0.076422	0.094430	0.066718	-0.429299	114005500.000000
2013-05-20	0.022319	0.084775	0.119661	0.080229	1.269509	112894600.000000
2013-05-17	-0.003038	0.099358	0.101962	0.079226	-0.173302	106976100.000000
2013-05-16	0.013361	0.073931	0.111002	0.062918	0.752258	150801000.000000
2013-05-15	-0.033817	0.076643	0.081154	0.035456	-1.970562	185403400.000000
2013-05-14	-0.023926	0.086036	0.089266	0.058038	-1.428348	111779500.000000
2013-05-13	0.003908	0.084658	0.100009	0.084634	0.232372	79237200.000000
2013-05-10	-0.008319	0.091024	0.095170	0.073181	-0.498871	83713000.000000
2013-05-09	-0.008724	0.085851	0.093384	0.075862	-0.527759	99621900.000000
2013-05-08	0.011294	0.096275	0.111393	0.088562	0.675563	118149500.000000
2013-05-07	-0.004449	0.105497	0.107351	0.078701	-0.267349	120938300.000000
2013-05-06	0.023846	0.109316	0.125115	0.105908	1.399399	124160400.000000
2013-05-03	0.010011	0.109604	0.114324	0.104293	0.581669	90325200.000000
2013-05-02	0.014182	0.101577	0.118558	0.098710	0.812519	105457100.000000
2013-05-01	-0.007882	0.099524	0.100687	0.074613	-0.455170	126727300.000000
2013-04-30	0.029434	0.108051	0.133899	0.100334	1.651112	172884600.000000
2013-04-29	0.030968	0.103901	0.138479	0.102720	1.685013	160081600.000000
2013-04-26	0.021598	0.099204	0.123237	0.095019	1.150302	191024400.000000
2013-04-25	0.007202	0.110956	0.118277	0.099529	0.380825	96209400.000000
2013-04-24	-0.001650	0.061412	0.119966	0.058607	-0.087383	242412800.000000
2013-04-23	0.018712	0.109985	0.122047	0.095753	0.972920	166059600.000000
2013-04-22	0.020844	0.101286	0.128100	0.097444	1.061618	107480100.000000
2013-04-19	-0.003877	0.083969	0.116462	0.075950	-0.198230	152318600.000000
2013-04-18	-0.026688	0.101323	0.103499	0.059853	-1.402024	166574800.000000
2013-04-17	-0.054992	0.080026	0.080874	0.023078	-3.057018	236264000.000000
2013-04-16	0.015220	0.099855	0.113005	0.097247	0.833378	76442800.000000
2013-04-15	-0.023150	0.088232	0.090500	0.069245	-1.297676	79380000.000000
2013-04-12	-0.010430	0.094914	0.094914	0.082153	-0.590790	59653300.000000
2013-04-11	-0.003121	0.090415	0.101151	0.084080	-0.177368	82091100.000000
2013-04-10	0.020399	0.098241	0.121227	0.092880	1.135948	93982000.000000
2013-04-09	0.001807	0.095754	0.101253	0.086476	0.100418	76653500.000000
2013-04-08	0.007112	0.099639	0.106498	0.093530	0.392563	75207300.000000
2013-04-05	-0.010568	0.087122	0.088274	0.074778	-0.589489	95923800.000000
2013-04-04	-0.009885	0.099856	0.103000	0.078278	-0.556892	89611900.000000
2013-04-03	0.005119	0.099395	0.114457	0.096694	0.286926	90804000.000000
2013-04-02	0.002052	0.092022	0.118940	0.088958	0.114761	132379800.000000
2013-04-01	-0.031062	0.093487	0.097942	0.058448	-1.793266	97433000.000000
2013-03-28	-0.020837	0.089892	0.094738	0.070024	-1.228554	110709900.000000
2013-03-27	-0.019647	0.084251	0.085059	0.070640	-1.181606	82809300.000000
2013-03-26	-0.005263	0.099763	0.100708	0.088161	-0.318214	73573500.000000
2013-03-25	0.003615	0.101960	0.114434	0.095060	0.217792	125283900.000000
2013-03-22	0.020277	0.099844	0.118038	0.096288	1.197262	98776300.000000
2013-03-21	0.001438	0.090861	0.109663	0.090571	0.084766	95813900.000000
2013-03-20	-0.005303	0.102430	0.102936	0.083558	-0.314308	77165200.000000
2013-03-19	-0.002699	0.104454	0.107987	0.078014	-0.160419	131693800.000000
2013-03-18	0.027183	0.089912	0.129439	0.089294	1.572857	151549300.000000
2013-03-15	0.025804	0.109120	0.125076	0.107398	1.455486	160990200.000000
2013-03-14	0.009688	0.106824	0.111453	0.100738	0.541244	75968900.000000
2013-03-13	-0.000187	0.095419	0.110887	0.087519	-0.010433	101387300.000000
2013-03-12	-0.021559	0.089690	0.097895	0.069602	-1.231159	116477900.000000
2013-03-11	0.014245	0.090370	0.113864	0.078673	0.802074	118559000.000000
2013-03-08	0.002648	0.093384	0.107706	0.090357	0.148678	97870500.000000
2013-03-07	0.011559	0.092383	0.111709	0.083531	0.641670	117118400.000000
2013-03-06	-0.012711	0.103930	0.105810	0.078320	-0.714702	115062500.000000
2013-03-05	0.026402	0.099097	0.134849	0.097194	1.446350	159608400.000000
2013-03-04	-0.024206	0.088574	0.089592	0.066182	-1.358978	145688900.000000
2013-03-01	-0.024762	0.086931	0.087377	0.067028	-1.425480	138112100.000000
2013-02-28	-0.007130	0.094087	0.103499	0.087558	-0.413430	80628800.000000
2013-02-27	-0.009800	0.094051	0.103834	0.075069	-0.573848	146837600.000000
2013-02-26	0.013934	0.097891	0.116988	0.082653	0.804687	125374900.000000
2013-02-25	-0.017768	0.102755	0.105841	0.075347	-1.044643	93144800.000000
2013-02-22	0.010649	0.103202	0.108972	0.096694	0.619488	82663700.000000
2013-02-21	-0.006216	0.088413	0.096149	0.080652	-0.363877	111795600.000000
2013-02-20	-0.024218	0.089891	0.089891	0.068721	-1.452881	119075600.000000
2013-02-19	-0.000369	0.097606	0.101486	0.080348	-0.022163	108945900.000000
2013-02-15	-0.013781	0.100674	0.103749	0.079710	-0.838593	97936300.000000
2013-02-14	-0.000899	0.089528	0.106228	0.088355	-0.054775	88818800.000000
2013-02-13	-0.001902	0.093753	0.108806	0.084412	-0.116077	118801900.000000
2013-02-12	-0.025066	0.094409	0.100960	0.067546	-1.568951	152263300.000000
2013-02-11	0.010421	0.098873	0.118337	0.091378	0.645573	129372600.000000
2013-02-08	0.014438	0.108890	0.120143	0.095438	0.881641	158289600.000000
2013-02-07	0.029734	0.115965	0.132226	0.093971	1.763272	176145200.000000
2013-02-06	-0.001070	0.098455	0.122591	0.089094	-0.063534	148426600.000000
2013-02-05	0.035088	0.106061	0.145142	0.101503	2.012386	143336900.000000
2013-02-04	-0.024911	0.102456	0.107386	0.073529	-1.465214	119279300.000000
2013-02-01	-0.004105	0.110508	0.111403	0.084482	-0.242458	134871100.000000
2013-01-31	-0.002933	0.102114	0.107661	0.097291	-0.173733	79833600.000000
2013-01-30	-0.003142	0.098699	0.112162	0.092688	-0.186729	104288800.000000
2013-01-29	0.018763	0.122987	0.127151	0.107361	1.094360	142789500.000000
2013-01-28	0.022620	0.096617	0.135139	0.091683	1.290157	196379400.000000
2013-01-25	-0.023574	0.104662	0.115765	0.063845	-1.377040	302006600.000000
2013-01-24	-0.123558	-0.014016	-0.001734	-0.034914	-8.234940	365213100.000000
2013-01-23	0.018306	0.110570	0.124059	0.101752	1.198105	215377400.000000
2013-01-22	0.009540	0.111800	0.119115	0.094326	0.618484	115386600.000000
2013-01-18	-0.005331	0.092634	0.100744	0.087988	-0.347488	118230700.000000
2013-01-17	-0.006738	0.110939	0.111896	0.092913	-0.442169	113419600.000000
2013-01-16	0.041509	0.121523	0.155080	0.116671	2.615314	172701200.000000
2013-01-15	-0.031549	0.094176	0.095691	0.061415	-2.052570	219193100.000000
2013-01-14	-0.035652	0.064441	0.074647	0.055611	-2.405258	183551900.000000
2013-01-11	-0.006132	0.096469	0.105561	0.092302	-0.416222	87626700.000000
2013-01-10	0.012396	0.126148	0.126510	0.098386	0.831162	150286500.000000
2013-01-09	-0.015629	0.095858	0.101123	0.082205	-1.064545	101901100.000000
2013-01-08	0.002691	0.112919	0.118555	0.096179	0.182831	114676800.000000
2013-01-07	-0.005882	0.091299	0.106560	0.077083	-0.401963	121039100.000000
2013-01-04	-0.027855	0.091326	0.094700	0.068685	-1.957923	148583400.000000
2013-01-03	-0.012622	0.099444	0.103036	0.085638	-0.898568	88241300.000000
2013-01-02	0.031682	0.146574	0.149017	0.121337	2.186135	140129500.000000
2012-12-31	0.044310	0.103784	0.157554	0.100476	2.927803	164873100.000000
2012-12-28	-0.010620	0.091548	0.100511	0.086907	-0.709275	88569600.000000
2012-12-27	0.004016	0.102911	0.108732	0.083840	0.267106	113780100.000000
2012-12-26	-0.013784	0.099274	0.100248	0.082584	-0.929673	75609100.000000
2012-12-24	0.001617	0.103916	0.112189	0.100436	0.108902	43938300.000000
2012-12-21	-0.004600	0.082197	0.097401	0.077488	-0.311203	149067100.000000
2012-12-20	-0.008702	0.109476	0.109895	0.086198	-0.593849	120422400.000000
2012-12-19	-0.014216	0.096737	0.101339	0.084418	-0.984146	112342300.000000
2012-12-18	0.029046	0.114854	0.135877	0.104767	1.954048	156421300.000000
2012-12-17	0.017732	0.099893	0.123817	0.083252	1.172135	189401800.000000
2012-12-14	-0.037569	0.070677	0.077707	0.051603	-2.580292	252394800.000000
2012-12-13	-0.017273	0.085706	0.098972	0.074770	-1.207184	156314900.000000
2012-12-12	-0.004415	0.114735	0.115203	0.091332	-0.309898	121786000.000000
2012-12-11	0.021838	0.122443	0.142801	0.117452	1.500228	148086400.000000
2012-12-10	-0.006432	0.084707	0.112620	0.077640	-0.444747	157621100.000000
2012-12-07	-0.025565	0.114154	0.117778	0.067043	-1.813996	196760200.000000
2012-12-06	0.015683	0.081610	0.131443	0.060527	1.095665	294303100.000000
2012-12-05	-0.064357	0.088474	0.089124	0.030808	-4.805343	261159500.000000
2012-12-04	-0.017639	0.093501	0.093501	0.075326	-1.340722	139267100.000000
2012-12-03	0.001555	0.117508	0.119277	0.102166	0.117989	91070000.000000
2012-11-30	-0.006923	0.096947	0.099957	0.089264	-0.529022	97829900.000000
2012-11-29	0.011013	0.115511	0.123128	0.106118	0.832435	128674700.000000
2012-11-28	-0.003147	0.087602	0.103673	0.078163	-0.238586	130216100.000000
2012-11-27	-0.008057	0.101789	0.103415	0.084128	-0.615891	133332500.000000
2012-11-26	0.031549	0.110234	0.137417	0.106012	2.337838	157644900.000000
2012-11-23	0.017447	0.112481	0.121955	0.103517	1.270691	68206600.000000
2012-11-21	0.001409	0.108312	0.114441	0.093286	0.102455	93250500.000000
2012-11-20	-0.008520	0.113788	0.113865	0.080038	-0.624977	160688500.000000
2012-11-19	0.072108	0.128958	0.184893	0.127225	4.933700	205829400.000000
2012-11-16	0.003919	0.100872	0.110933	0.060103	0.267113	316723400.000000
2012-11-15	-0.020973	0.103086	0.107128	0.072488	-1.460037	197477700.000000
2012-11-14	-0.011089	0.107028	0.110985	0.088114	-0.780579	119292600.000000
2012-11-13	0.000129	0.093795	0.117278	0.088620	0.009071	133237300.000000
2012-11-12	-0.007732	0.116031	0.116736	0.084814	-0.548461	128950500.000000
2012-11-09	0.017313	0.107222	0.136848	0.093495	1.207183	232478400.000000
2012-11-08	-0.036291	0.106945	0.110104	0.056912	-2.625709	264036500.000000
2012-11-07	-0.038263	0.089675	0.091004	0.055323	-2.878525	198412200.000000
2012-11-06	-0.003028	0.117405	0.118370	0.098208	-0.228455	93729300.000000
2012-11-05	0.013558	0.119679	0.127834	0.108319	1.009362	132283900.000000
2012-11-02	-0.033091	0.105578	0.107545	0.066356	-2.547936	149843400.000000
2012-11-01	0.002049	0.112175	0.121062	0.104646	0.157463	90324500.000000
2012-10-31	-0.014371	0.090072	0.103046	0.076916	-1.120346	127500800.000000
2012-10-26	-0.009089	0.106584	0.114883	0.073120	-0.715065	254608200.000000
2012-10-25	-0.011819	0.112472	0.116060	0.086544	-0.940971	164081400.000000
2012-10-24	0.005658	0.121364	0.130585	0.101876	0.447914	139631800.000000
2012-10-23	-0.032601	0.101495	0.106557	0.067804	-2.667969	176786400.000000
2012-10-22	0.039666	0.111466	0.153136	0.108454	3.122284	136682700.000000
2012-10-19	-0.036040	0.104002	0.105262	0.066511	-2.942901	186021500.000000
2012-10-18	-0.018569	0.098165	0.102406	0.081699	-1.544991	119156100.000000
2012-10-17	-0.007972	0.105217	0.111894	0.096922	-0.668610	97259400.000000
2012-10-16	0.023678	0.107847	0.133880	0.100228	1.939972	137442900.000000
2012-10-15	0.008020	0.111424	0.116310	0.096484	0.651841	108125500.000000
2012-10-12	0.002563	0.109357	0.119612	0.101850	0.207817	115003700.000000
2012-10-11	-0.019987	0.116437	0.117646	0.084662	-1.653450	136520300.000000
2012-10-10	0.007958	0.113555	0.122676	0.108786	0.653129	127589000.000000
2012-10-09	-0.003636	0.107616	0.110808	0.081428	-0.299476	209649300.000000
2012-10-08	-0.022096	0.097100	0.098253	0.078834	-1.861237	159498500.000000
2012-10-05	-0.021311	0.104128	0.105456	0.081023	-1.834152	148501500.000000
2012-10-04	-0.006925	0.106454	0.111399	0.097059	-0.600205	92681400.000000
2012-10-03	0.015333	0.112725	0.124441	0.108993	1.308815	106070300.000000
2012-10-02	0.002912	0.110846	0.118466	0.092114	0.247841	156998100.000000
2012-10-01	-0.011558	0.113520	0.122794	0.089197	-0.995186	135898700.000000
2012-09-28	-0.020871	0.102609	0.106443	0.083116	-1.835403	133777700.000000
2012-09-27	0.024264	0.105303	0.135053	0.098747	2.083244	148522500.000000
2012-09-26	-0.012412	0.098897	0.105387	0.086507	-1.079048	144125800.000000
2012-09-25	-0.024971	0.102731	0.109973	0.078281	-2.226524	129697400.000000
2012-09-24	-0.013284	0.085869	0.098927	0.079766	-1.200379	159941600.000000
2012-09-21	0.001989	0.112661	0.116874	0.107829	0.179367	142897300.000000
2012-09-20	-0.004843	0.102149	0.103568	0.093416	-0.438842	84142100.000000
2012-09-19	0.000271	0.104182	0.110064	0.103094	0.024528	81718700.000000
2012-09-18	0.003044	0.106942	0.110817	0.101470	0.274925	93375800.000000
2012-09-17	0.012296	0.119705	0.120425	0.112116	1.097138	99507800.000000
2012-09-14	0.012152	0.118095	0.129471	0.114741	1.071304	150118500.000000
2012-09-13	0.019693	0.119309	0.132744	0.115013	1.702499	149590000.000000
2012-09-12	0.013927	0.117272	0.122382	0.099094	1.187470	178058300.000000
2012-09-11	-0.003244	0.110742	0.119075	0.096363	-0.277496	125995800.000000
2012-09-10	-0.026013	0.106800	0.111420	0.076953	-2.284607	121999500.000000
2012-09-07	0.006166	0.109697	0.116947	0.105966	0.538215	82416600.000000
2012-09-06	0.009012	0.111639	0.120094	0.107725	0.779618	97799100.000000
