2015-12-18	-0.012636	0.084577	0.088740	0.075931	-0.394604	51216300.000000
2015-12-17	-0.010756	0.090334	0.096352	0.077980	-0.339544	27720500.000000
2015-12-16	0.017451	0.092923	0.111294	0.092601	0.541435	31192700.000000
2015-12-15	0.006250	0.093592	0.100403	0.083538	0.192713	25359500.000000
2015-12-14	0.012964	0.089043	0.105469	0.087729	0.394607	26398200.000000
2015-12-11	-0.014850	0.081286	0.087111	0.070929	-0.458839	26950900.000000
2015-12-10	0.002979	0.091648	0.104632	0.089051	0.091760	27655000.000000
2015-12-09	-0.008272	0.086481	0.101933	0.077467	-0.256946	25052200.000000
2015-12-08	-0.012256	0.079525	0.084295	0.069350	-0.385428	28419900.000000
2015-12-07	0.004690	0.082352	0.098645	0.082352	0.146822	33956200.000000
2015-12-04	0.030514	0.092663	0.124926	0.092005	0.926865	35685900.000000
2015-12-03	-0.013707	0.091324	0.092947	0.071841	-0.422136	28748300.000000
2015-12-02	-0.006218	0.089377	0.095509	0.082279	-0.192711	25851600.000000
2015-12-01	0.002970	0.093260	0.099410	0.086788	0.091774	16761500.000000
2015-11-30	0.002979	0.090349	0.095543	0.084831	0.091760	24902300.000000
2015-11-27	0.003587	0.091329	0.100451	0.090677	0.110123	9327100.000000
2015-11-25	0.001797	0.088395	0.093290	0.084805	0.055061	14601700.000000
2015-11-24	-0.002092	0.084164	0.093934	0.081233	-0.064233	17717500.000000
2015-11-23	-0.005942	0.089700	0.090348	0.082254	-0.183539	15273700.000000
2015-11-20	0.001190	0.093590	0.094886	0.087431	0.036703	20454600.000000
2015-11-19	0.002385	0.089050	0.096523	0.087426	0.073418	17963200.000000
2015-11-18	0.008419	0.089373	0.100185	0.081837	0.256954	22233800.000000
2015-11-17	0.006658	0.090690	0.105531	0.090360	0.201887	20367700.000000
2015-11-16	0.022594	0.091049	0.114658	0.086665	0.669907	23601600.000000
2015-11-13	-0.011624	0.088034	0.094700	0.077033	-0.348713	23626900.000000
2015-11-12	-0.006987	0.087052	0.087714	0.080101	-0.211071	17408400.000000
2015-11-11	0.003964	0.091362	0.096679	0.090032	0.119295	14038900.000000
2015-11-10	-0.001522	0.090364	0.091691	0.084059	-0.045881	19263300.000000
2015-11-09	-0.009650	0.083128	0.083456	0.076227	-0.293661	20434300.000000
2015-11-06	-0.005399	0.085778	0.087412	0.074012	-0.165181	21494500.000000
2015-11-05	-0.004182	0.090026	0.092304	0.082865	-0.128477	16142700.000000
2015-11-04	-0.004460	0.093912	0.094560	0.083544	-0.137653	17296100.000000
2015-11-03	0.000595	0.087755	0.094239	0.084837	0.018354	17702800.000000
2015-11-02	0.002984	0.095553	0.098480	0.085798	0.091769	25538700.000000
2015-10-30	-0.001192	0.091974	0.096196	0.088401	-0.036705	24581800.000000
2015-10-29	0.003890	0.091657	0.097852	0.085135	0.119299	17841800.000000
2015-10-28	0.006323	0.094622	0.102497	0.087075	0.192711	27816800.000000
2015-10-27	-0.013369	0.086787	0.088082	0.073513	-0.412955	24456000.000000
2015-10-26	-0.002371	0.090023	0.090346	0.081303	-0.073417	25419200.000000
2015-10-23	-0.006478	0.113445	0.114729	0.078790	-0.201890	46231400.000000
2015-10-22	0.010714	0.085160	0.107862	0.085160	0.330367	33298700.000000
2015-10-21	-0.004444	0.093898	0.095835	0.076140	-0.137652	27215000.000000
2015-10-20	0.003568	0.088404	0.096829	0.086136	0.110119	20014100.000000
2015-10-19	-0.005912	0.083258	0.085191	0.076494	-0.183536	28250800.000000
2015-10-16	0.010152	0.098160	0.101739	0.091327	0.312013	33237000.000000
2015-10-15	0.006613	0.091665	0.097233	0.087407	0.201891	19170400.000000
2015-10-14	0.001505	0.090028	0.095277	0.085764	0.045883	23682900.000000
2015-10-13	-0.002402	0.086101	0.089373	0.081847	-0.073412	22148600.000000
2015-10-12	0.004828	0.091673	0.095290	0.087399	0.146834	14204200.000000
2015-10-09	-0.007785	0.090352	0.093615	0.076650	-0.238608	19351300.000000
2015-10-08	0.008454	0.089371	0.099242	0.081475	0.256956	17305200.000000
2015-10-07	0.008526	0.097332	0.106291	0.095341	0.256947	21010300.000000
2015-10-06	-0.003590	0.107610	0.108271	0.099344	-0.108566	27867000.000000
2015-10-05	0.024203	0.116809	0.134079	0.116471	0.714740	27876700.000000
2015-10-02	0.003382	0.098840	0.109033	0.093743	0.099524	28505900.000000
2015-10-01	-0.001535	0.101903	0.107331	0.091386	-0.045240	30815500.000000
2015-09-30	0.015903	0.115291	0.127353	0.111155	0.461418	34815500.000000
2015-09-29	0.005329	0.108414	0.114997	0.103563	0.153805	33785200.000000
2015-09-28	-0.013300	0.102902	0.105638	0.089911	-0.389040	35924900.000000
2015-09-25	0.006852	0.110803	0.125605	0.107017	0.199045	27104200.000000
2015-09-24	-0.002795	0.099117	0.106326	0.096714	-0.081427	24741400.000000
2015-09-23	-0.002169	0.105981	0.107693	0.097418	-0.063332	15739200.000000
2015-09-22	-0.008907	0.097148	0.101562	0.090699	-0.262376	25518700.000000
2015-09-21	0.000307	0.105296	0.110050	0.101900	0.009050	19870300.000000
2015-09-18	-0.007016	0.101924	0.105633	0.092820	-0.208084	44627200.000000
2015-09-17	-0.004857	0.098249	0.112007	0.087512	-0.144760	37922100.000000
2015-09-16	0.002435	0.105296	0.113368	0.101932	0.072378	23514200.000000
2015-09-15	0.009524	0.109710	0.118199	0.104956	0.280466	22371700.000000
2015-09-14	-0.005196	0.105971	0.107322	0.098202	-0.153807	18504700.000000
2015-09-11	-0.000916	0.104621	0.106308	0.098883	-0.027137	17626900.000000
2015-09-10	-0.000915	0.104959	0.107319	0.097541	-0.027140	25602300.000000
2015-09-09	-0.010863	0.113968	0.117303	0.091288	-0.325705	22559100.000000
2015-09-08	0.017813	0.118535	0.126682	0.113782	0.524739	18851000.000000
2015-09-04	-0.014528	0.093253	0.096598	0.082213	-0.434269	29318900.000000
2015-09-03	0.006703	0.110347	0.119440	0.108663	0.199043	22833400.000000
2015-09-02	0.015470	0.127525	0.127525	0.111451	0.452366	24093000.000000
2015-09-01	-0.026506	0.085320	0.091646	0.070672	-0.796166	33048000.000000
2015-08-31	-0.002704	0.102307	0.104964	0.095999	-0.081432	22286500.000000
2015-08-28	-0.004485	0.101990	0.105626	0.094058	-0.135704	24154000.000000
2015-08-27	0.022943	0.116115	0.132345	0.109691	0.678549	42589900.000000
2015-08-26	0.027987	0.124760	0.141791	0.112595	0.805216	49631200.000000
2015-08-25	-0.017609	0.130564	0.130564	0.084808	-0.515700	50674200.000000
2015-08-24	-0.030258	0.065561	0.082448	0.025494	-0.913786	77231300.000000
2015-08-21	-0.016789	0.097157	0.105296	0.086739	-0.515693	41636700.000000
2015-08-20	-0.011933	0.099184	0.108512	0.092107	-0.370947	38363400.000000
2015-08-19	0.000291	0.103687	0.110122	0.096286	0.009048	21046100.000000
2015-08-18	0.003506	0.103036	0.111754	0.101744	0.108574	20538200.000000
2015-08-17	0.005286	0.102374	0.111139	0.100427	0.162853	21050600.000000
2015-08-14	0.007098	0.108565	0.113142	0.104315	0.217133	22759600.000000
2015-08-13	-0.006173	0.104971	0.110169	0.097823	-0.189995	35521100.000000
2015-08-12	-0.018182	0.080096	0.086794	0.067017	-0.569982	61974500.000000
2015-08-11	-0.003738	0.099575	0.111016	0.098622	-0.117617	35402700.000000
2015-08-10	0.016662	0.108204	0.123712	0.104973	0.515699	29179800.000000
2015-08-07	-0.000876	0.101099	0.105941	0.098840	-0.027143	25627600.000000
2015-08-06	-0.009546	0.104656	0.105935	0.085473	-0.298563	32734200.000000
2015-08-05	-0.000289	0.112008	0.113287	0.103058	-0.009049	22837600.000000
2015-08-04	-0.002308	0.109441	0.109760	0.100193	-0.072374	26249900.000000
2015-08-03	-0.002303	0.111977	0.114204	0.097660	-0.072382	29677600.000000
2015-07-31	-0.001724	0.109742	0.111331	0.102755	-0.054279	29880900.000000
2015-07-30	0.003171	0.110712	0.111668	0.104977	0.099518	25958800.000000
2015-07-29	0.010486	0.109803	0.123969	0.106583	0.325699	42986100.000000
2015-07-28	0.000291	0.113347	0.113669	0.102075	0.009048	52950700.000000
2015-07-27	0.000875	0.103039	0.117222	0.096593	0.027147	50523600.000000
2015-07-24	0.010610	0.129076	0.143084	0.117023	0.325705	87250900.000000
2015-07-23	-0.009921	0.105618	0.107553	0.092072	-0.307612	37054300.000000
2015-07-22	-0.008678	0.095064	0.098262	0.087711	-0.271421	51795800.000000
2015-07-21	-0.009456	0.098011	0.098011	0.089144	-0.298563	27871700.000000
2015-07-20	-0.003142	0.106243	0.106874	0.095824	-0.099518	22216800.000000
2015-07-17	-0.004266	0.103409	0.107811	0.097122	-0.135712	21900300.000000
2015-07-16	0.012381	0.109115	0.119935	0.109115	0.389035	18452300.000000
2015-07-15	-0.011105	0.104666	0.105610	0.091448	-0.352846	29044900.000000
2015-07-14	0.006881	0.100860	0.113218	0.098324	0.217142	25142400.000000
2015-07-13	0.006638	0.108486	0.115503	0.105934	0.208086	26803200.000000
2015-07-10	0.007560	0.112688	0.120080	0.110438	0.235231	30999200.000000
2015-07-09	-0.011498	0.112603	0.113238	0.090681	-0.361895	33051600.000000
2015-07-08	-0.014448	0.104670	0.105922	0.087761	-0.461414	31591700.000000
2015-07-07	0.004493	0.125673	0.127560	0.112463	0.142851	27143900.000000
2015-07-06	-0.003358	0.115937	0.117818	0.111862	-0.107138	25640300.000000
2015-07-02	0.004498	0.128829	0.131348	0.122216	0.142855	22254300.000000
2015-07-01	0.001408	0.122219	0.123481	0.112129	0.044642	36972200.000000
2015-06-30	-0.006989	0.128153	0.131911	0.110306	-0.223210	31390100.000000
2015-06-29	-0.009690	0.112260	0.123423	0.108539	-0.312492	28999200.000000
2015-06-26	-0.001658	0.126204	0.126823	0.111654	-0.053574	30005900.000000
2015-06-25	0.011180	0.130968	0.140985	0.128151	0.357142	47585200.000000
2015-06-24	-0.003620	0.120324	0.121260	0.112839	-0.116076	33443200.000000
2015-06-23	0.024829	0.136953	0.158688	0.135035	0.776774	69970900.000000
2015-06-22	0.001429	0.123533	0.125134	0.120332	0.044647	23586500.000000
2015-06-19	-0.000857	0.116814	0.121291	0.115535	-0.026789	35661000.000000
2015-06-18	0.006322	0.120012	0.129667	0.118725	0.196428	37333200.000000
2015-06-17	0.003750	0.121627	0.125827	0.115813	0.116072	30455900.000000
2015-06-16	0.007556	0.116432	0.131079	0.115130	0.232140	29729800.000000
2015-06-15	-0.006926	0.116457	0.117426	0.111931	-0.214285	24465500.000000
2015-06-12	-0.006594	0.115838	0.122581	0.112305	-0.205357	25869100.000000
2015-06-11	0.004608	0.123238	0.128399	0.121948	0.142857	30440800.000000
2015-06-10	0.006085	0.122609	0.128126	0.122609	0.187504	31312300.000000
2015-06-09	-0.002313	0.120012	0.126488	0.117098	-0.071433	23986600.000000
2015-06-08	0.000579	0.117744	0.124872	0.117420	0.017859	25928800.000000
2015-06-05	-0.019847	0.116519	0.116836	0.095560	-0.624996	36713200.000000
2015-06-04	0.006851	0.116495	0.134400	0.112019	0.214283	56219000.000000
2015-06-03	0.019499	0.122946	0.146415	0.120012	0.598207	39000000.000000
2015-06-02	0.000291	0.120664	0.125881	0.117730	0.008930	19508800.000000
2015-06-01	-0.005501	0.119688	0.121958	0.110284	-0.169639	28235700.000000
2015-05-29	-0.007471	0.118403	0.120656	0.111644	-0.232142	29885100.000000
2015-05-28	-0.004292	0.120333	0.120653	0.110078	-0.133926	19591700.000000
2015-05-27	0.008076	0.122597	0.133903	0.117751	0.249998	36633600.000000
2015-05-26	-0.001152	0.116463	0.121625	0.105492	-0.035715	40655000.000000
2015-05-22	-0.010265	0.114263	0.118735	0.105641	-0.321426	26349200.000000
2015-05-21	0.012998	0.117748	0.139423	0.116777	0.401783	41576000.000000
2015-05-20	0.007274	0.121967	0.131092	0.117405	0.223209	27280100.000000
2015-05-19	-0.014339	0.117443	0.119370	0.097528	-0.446421	38270700.000000
2015-05-18	0.015730	0.118381	0.142523	0.117728	0.482142	59611900.000000
2015-05-15	0.005860	0.119356	0.128544	0.116074	0.178570	28264100.000000
2015-05-14	0.006784	0.125959	0.129924	0.123316	0.205347	23908700.000000
2015-05-13	0.007130	0.119014	0.135984	0.117017	0.214285	34748800.000000
2015-05-12	0.005076	0.113992	0.135061	0.104628	0.151784	41281600.000000
2015-05-11	-0.005936	0.118682	0.120345	0.109706	-0.178569	21479700.000000
2015-05-08	0.009590	0.131759	0.135452	0.127396	0.285715	27681400.000000
2015-05-07	-0.000300	0.115650	0.126052	0.110953	-0.008936	22643500.000000
2015-05-06	-0.010083	0.119680	0.122337	0.098754	-0.303568	30701500.000000
2015-05-05	-0.023458	0.118715	0.121634	0.091793	-0.723202	31805000.000000
2015-05-04	0.003196	0.119687	0.129449	0.114480	0.098211	21305000.000000
2015-05-01	-0.006351	0.117426	0.122599	0.103522	-0.196422	34167600.000000
2015-04-30	-0.003452	0.118079	0.124523	0.113246	-0.107147	29693200.000000
2015-04-29	-0.002869	0.111016	0.131900	0.109731	-0.089287	40722500.000000
2015-04-28	0.022587	0.126254	0.149581	0.122640	0.687498	48688400.000000
2015-04-27	0.002352	0.121329	0.129562	0.121000	0.071426	24468900.000000
2015-04-24	-0.006427	0.119358	0.122957	0.111178	-0.196422	42046900.000000
2015-04-23	0.041692	0.140122	0.172502	0.136032	1.223200	91372900.000000
2015-04-22	0.006124	0.124127	0.127899	0.116240	0.178566	29775500.000000
2015-04-21	-0.005178	0.120353	0.120694	0.111483	-0.151785	19720400.000000
2015-04-20	0.009843	0.124836	0.132415	0.124836	0.285717	24314600.000000
2015-04-17	-0.007328	0.116592	0.118302	0.107016	-0.214289	29716200.000000
2015-04-16	-0.004256	0.115585	0.120353	0.113542	-0.124992	17597300.000000
2015-04-15	0.006118	0.120697	0.129263	0.118299	0.178566	19856000.000000
2015-04-14	-0.005779	0.121375	0.121715	0.111155	-0.169644	18265100.000000
2015-04-13	0.003357	0.119670	0.130266	0.117620	0.098215	22731000.000000
2015-04-10	0.002447	0.122753	0.124809	0.118642	0.071429	15063600.000000
2015-04-09	0.001225	0.117611	0.124815	0.112808	0.035709	21073700.000000
2015-04-08	-0.001223	0.121383	0.125494	0.115901	-0.035709	21381200.000000
2015-04-07	-0.005101	0.136797	0.140205	0.130320	-0.149638	24005000.000000
2015-04-06	0.006037	0.136801	0.145717	0.133715	0.176043	22972500.000000
2015-04-02	0.007297	0.136461	0.147860	0.133697	0.211246	19273900.000000
2015-04-01	0.007351	0.135071	0.145162	0.132287	0.211243	25365000.000000
2015-03-31	-0.009706	0.136115	0.138182	0.125088	-0.281662	27900200.000000
2015-03-30	0.006718	0.138543	0.146175	0.137849	0.193642	18904300.000000
2015-03-27	-0.002133	0.140269	0.140615	0.131961	-0.061613	20852700.000000
2015-03-26	0.006131	0.136463	0.153878	0.135767	0.176042	30624200.000000
2015-03-25	-0.013608	0.134397	0.137489	0.120655	-0.396089	29163100.000000
2015-03-24	-0.006310	0.134408	0.140894	0.128946	-0.184840	20127200.000000
2015-03-23	0.001505	0.140902	0.151500	0.137825	0.044014	23983800.000000
2015-03-20	0.000903	0.138510	0.149803	0.136457	0.026396	38651800.000000
2015-03-19	-0.011610	0.133409	0.133409	0.122248	-0.343269	19913700.000000
2015-03-18	0.020973	0.137151	0.159942	0.128863	0.607332	47849300.000000
2015-03-17	-0.004840	0.128898	0.138177	0.126149	-0.140831	23903200.000000
2015-03-16	0.009158	0.137155	0.147906	0.133341	0.264059	20531500.000000
2015-03-13	-0.011168	0.131314	0.132686	0.117940	-0.325670	26808000.000000
2015-03-12	0.015635	0.143777	0.156664	0.138901	0.448898	27016800.000000
2015-03-11	-0.004881	0.139581	0.139928	0.127104	-0.140829	29021600.000000
2015-03-10	-0.017092	0.133049	0.133049	0.115675	-0.501713	32469500.000000
2015-03-09	-0.003883	0.135097	0.139848	0.130346	-0.114423	19465200.000000
2015-03-06	-0.015294	0.122081	0.128430	0.115064	-0.457699	39761500.000000
2015-03-05	0.000000	0.141127	0.142798	0.135781	0.000000	14524100.000000
2015-03-04	-0.011915	0.137436	0.137436	0.121588	-0.360878	23392300.000000
2015-03-03	-0.006640	0.132507	0.136443	0.126604	-0.202448	20202400.000000
2015-03-02	0.002315	0.136115	0.139074	0.124609	0.070414	21637600.000000
2015-02-27	0.001739	0.133480	0.138750	0.132163	0.052812	19863600.000000
2015-02-26	0.008477	0.133126	0.148735	0.131134	0.255261	23156200.000000
2015-02-25	0.004699	0.138784	0.141787	0.133779	0.140825	17838200.000000
2015-02-24	0.005908	0.132759	0.145177	0.127724	0.176040	19382000.000000
2015-02-23	-0.006749	0.132448	0.135115	0.124781	-0.202446	23418800.000000
2015-02-20	-0.000293	0.135115	0.135782	0.127117	-0.008800	21282000.000000
2015-02-19	-0.011598	0.135786	0.135786	0.120962	-0.352077	18916000.000000
2015-02-18	-0.006338	0.136770	0.136770	0.124332	-0.193640	17098600.000000
2015-02-17	0.001443	0.134148	0.138410	0.129232	0.044008	19254600.000000
2015-02-13	0.001444	0.134145	0.140054	0.128237	0.044004	16082400.000000
2015-02-12	0.006397	0.136776	0.143713	0.131160	0.193648	19865600.000000
2015-02-11	-0.013199	0.134159	0.135463	0.116555	-0.404886	31904300.000000
2015-02-10	0.006062	0.143331	0.150218	0.141035	0.184837	19874100.000000
2015-02-09	-0.006596	0.130902	0.137418	0.126992	-0.202440	20110600.000000
2015-02-06	0.009554	0.134471	0.152890	0.131839	0.290460	27709200.000000
2015-02-05	0.003778	0.138757	0.142388	0.133144	0.114428	19076400.000000
2015-02-04	0.002038	0.135784	0.149680	0.132476	0.061607	29862300.000000
2015-02-03	0.023242	0.139500	0.162521	0.139162	0.686556	41631400.000000
2015-02-02	0.019441	0.149575	0.160273	0.131974	0.563328	37289500.000000
2015-01-30	-0.001214	0.129566	0.152316	0.127842	-0.035214	56280900.000000
2015-01-29	0.008568	0.136115	0.150716	0.126729	0.246453	31071400.000000
2015-01-28	-0.003962	0.158969	0.164855	0.130228	-0.114428	45847700.000000
2015-01-27	-0.011151	0.133033	0.134061	0.123446	-0.325668	30806100.000000
2015-01-26	-0.005694	0.134413	0.135094	0.125220	-0.167237	28533500.000000
2015-01-23	-0.012430	0.136451	0.136451	0.120985	-0.369684	25450000.000000
2015-01-22	-0.006176	0.130769	0.133776	0.112390	-0.184835	34756100.000000
2015-01-21	0.001473	0.131430	0.145485	0.126076	0.044006	34849300.000000
2015-01-20	0.004438	0.138468	0.141493	0.127712	0.132027	20257900.000000
2015-01-16	0.016236	0.132016	0.156610	0.132016	0.475307	37526900.000000
2015-01-15	-0.002100	0.141569	0.147704	0.131002	-0.061617	25800900.000000
2015-01-14	-0.004777	0.128991	0.134758	0.120849	-0.140827	22019100.000000
2015-01-13	0.000000	0.143918	0.150702	0.128652	0.000000	24260300.000000
2015-01-12	0.002694	0.142578	0.148360	0.138836	0.079214	20169900.000000
2015-01-09	-0.002985	0.140185	0.142559	0.132384	-0.088018	21492500.000000
2015-01-08	0.009949	0.138513	0.150158	0.135430	0.290470	22799800.000000
2015-01-07	0.001207	0.151547	0.151890	0.122398	0.035208	31660000.000000
2015-01-06	0.001490	0.159788	0.161162	0.145364	0.043386	29595800.000000
2015-01-05	-0.009448	0.152233	0.153933	0.140326	-0.277719	30429100.000000
2015-01-02	0.008336	0.152232	0.165268	0.152232	0.243002	20564000.000000
2014-12-31	-0.014378	0.148852	0.152233	0.133976	-0.425251	24178100.000000
2014-12-30	-0.000880	0.151557	0.155273	0.149530	-0.026047	12369700.000000
2014-12-29	-0.001756	0.148861	0.155605	0.147175	-0.052065	12708100.000000
2014-12-26	0.006184	0.155286	0.161393	0.152911	0.182253	11486800.000000
2014-12-24	-0.002057	0.151894	0.157650	0.148847	-0.060755	8831900.000000
2014-12-23	0.005318	0.159721	0.162785	0.154275	0.156223	19399200.000000
2014-12-22	0.009243	0.156355	0.167348	0.153263	0.269040	22690700.000000
2014-12-19	0.000895	0.151201	0.160829	0.146731	0.026033	40198300.000000
2014-12-18	0.025712	0.164577	0.181858	0.158581	0.729023	37622700.000000
2014-12-17	0.016490	0.155101	0.175894	0.152949	0.459974	28939700.000000
2014-12-16	-0.003411	0.151875	0.172240	0.147588	-0.095466	28952100.000000
2014-12-15	0.002798	0.157965	0.162264	0.149008	0.078109	29995700.000000
2014-12-12	-0.016814	0.145540	0.147653	0.132858	-0.477333	30070400.000000
2014-12-11	0.006771	0.156843	0.172092	0.155070	0.190934	28024700.000000
2014-12-10	-0.012162	0.152233	0.152233	0.135417	-0.347151	34766700.000000
2014-12-09	-0.029221	0.132847	0.133527	0.101899	-0.859204	59255500.000000
2014-12-08	-0.001768	0.153590	0.157325	0.149177	-0.052072	17080000.000000
2014-12-05	0.000885	0.151213	0.153592	0.145776	0.026035	18893400.000000
2014-12-04	-0.002647	0.154944	0.155622	0.143760	-0.078104	22992100.000000
2014-12-03	-0.008457	0.150889	0.151225	0.139800	-0.251686	30742700.000000
2014-12-02	-0.021963	0.146645	0.150589	0.122983	-0.668274	36930500.000000
2014-12-01	-0.009045	0.148976	0.151907	0.136926	-0.277721	19951000.000000
2014-11-28	0.007116	0.157152	0.166664	0.155512	0.216968	12650500.000000
2014-11-26	0.008903	0.154549	0.164807	0.153556	0.269049	14142900.000000
2014-11-25	0.003458	0.150572	0.157213	0.138950	0.104143	29342100.000000
2014-11-24	-0.016440	0.142435	0.146354	0.117613	-0.503368	36683600.000000
2014-11-21	0.000000	0.158765	0.159418	0.142761	0.000000	28262600.000000
2014-11-20	-0.002544	0.151581	0.154513	0.146369	-0.078104	12256100.000000
2014-11-19	-0.009799	0.149329	0.150297	0.134814	-0.303763	19342900.000000
2014-11-18	-0.003626	0.149661	0.152875	0.144840	-0.112827	17122500.000000
2014-11-17	-0.001393	0.150948	0.152232	0.143567	-0.043400	12958800.000000
2014-11-14	0.008144	0.153203	0.169705	0.151909	0.251694	20554300.000000
2014-11-13	0.005932	0.151256	0.168507	0.148652	0.182249	20900800.000000
2014-11-12	0.008547	0.150591	0.163394	0.147637	0.260370	18750000.000000
2014-11-11	-0.000569	0.153217	0.153217	0.141734	-0.017355	12293600.000000
2014-11-10	0.006015	0.157183	0.159824	0.143981	0.182249	17921700.000000
2014-11-07	0.005472	0.151901	0.160529	0.145927	0.164896	17983700.000000
2014-11-06	-0.005727	0.151573	0.153223	0.139034	-0.173570	17443700.000000
2014-11-05	0.003737	0.157200	0.157863	0.149583	0.112821	15587500.000000
2014-11-04	-0.001435	0.156532	0.160170	0.145618	-0.043396	17839600.000000
2014-11-03	0.000000	0.156532	0.158516	0.144626	0.000000	22213400.000000
2014-10-31	0.009563	0.160580	0.163585	0.154570	0.286406	24030300.000000
2014-10-30	0.003198	0.147878	0.157257	0.142854	0.095463	18482200.000000
2014-10-29	0.002039	0.154582	0.162973	0.146862	0.060749	22629600.000000
2014-10-28	0.006450	0.158988	0.162366	0.151219	0.190933	26041400.000000
2014-10-27	0.007086	0.152573	0.164820	0.151892	0.208296	25358800.000000
2014-10-24	0.006239	0.150863	0.161818	0.140594	0.182260	29835100.000000
2014-10-23	-0.024348	0.136870	0.139207	0.117165	-0.729023	55879200.000000
2014-10-22	-0.003466	0.157558	0.157891	0.144245	-0.104141	24963100.000000
2014-10-21	0.009918	0.151896	0.165005	0.145846	0.295074	21768900.000000
2014-10-20	0.005869	0.152233	0.159333	0.144118	0.173581	15258700.000000
2014-10-17	0.013080	0.156343	0.171414	0.152918	0.381864	24470600.000000
2014-10-16	-0.006791	0.144068	0.150872	0.131141	-0.199615	29219100.000000
2014-10-15	0.000887	0.146785	0.157000	0.127036	0.026037	48558700.000000
2014-10-14	0.000591	0.154277	0.160409	0.148826	0.017355	22636600.000000
2014-10-13	-0.012555	0.149541	0.155260	0.137767	-0.373188	23641800.000000
2014-10-10	-0.011829	0.155557	0.156887	0.138270	-0.355833	28941200.000000
2014-10-09	-0.013940	0.150594	0.154527	0.134203	-0.425257	21607500.000000
2014-10-08	0.008030	0.153885	0.162146	0.143972	0.243004	25150700.000000
2014-10-07	-0.004508	0.168748	0.171380	0.161512	-0.137053	21393600.000000
2014-10-06	0.003677	0.174036	0.179649	0.167433	0.111359	22122900.000000
2014-10-03	0.011152	0.177114	0.207159	0.171105	0.334063	20777600.000000
2014-10-02	0.000286	0.170104	0.172775	0.162757	0.008564	24826300.000000
2014-10-01	-0.007946	0.162463	0.167101	0.157163	-0.239844	28857900.000000
2014-09-30	0.000284	0.168427	0.173066	0.163125	0.008568	20015500.000000
2014-09-29	-0.001417	0.162800	0.167102	0.157175	-0.042824	14973000.000000
2014-09-26	0.005701	0.171426	0.176085	0.163439	0.171315	14351300.000000
2014-09-25	-0.009040	0.168092	0.168422	0.153582	-0.274109	21239000.000000
2014-09-24	0.003971	0.169750	0.175048	0.164784	0.119926	13312300.000000
2014-09-23	-0.006761	0.166117	0.167762	0.158554	-0.205580	16803200.000000
2014-09-22	0.000846	0.167103	0.170066	0.161508	0.025694	16421200.000000
2014-09-19	0.008817	0.173741	0.178058	0.169757	0.265536	21894300.000000
2014-09-18	0.003998	0.170766	0.174767	0.167099	0.119930	17230500.000000
2014-09-17	0.002003	0.169771	0.175449	0.163424	0.059954	17137200.000000
2014-09-16	0.007495	0.164740	0.178202	0.163731	0.222715	15655300.000000
2014-09-15	0.005507	0.171155	0.176907	0.164725	0.162748	14689900.000000
2014-09-12	-0.010043	0.166763	0.169443	0.151018	-0.299797	20210100.000000
2014-09-11	0.004322	0.164405	0.173488	0.160704	0.128477	16024800.000000
2014-09-10	0.001154	0.169790	0.171474	0.158338	0.034266	17719800.000000
2014-09-09	-0.009997	0.168433	0.169100	0.152093	-0.299805	18782300.000000
2014-09-08	-0.003983	0.166436	0.166436	0.159129	-0.119919	10786300.000000
2014-09-05	0.006010	0.167767	0.178125	0.165428	0.179886	17799000.000000
2014-09-04	-0.000858	0.167766	0.168434	0.162425	-0.025701	12483900.000000
2014-09-03	0.003731	0.171119	0.172794	0.166763	0.111360	13026600.000000
2014-09-02	-0.003433	0.166431	0.168768	0.158750	-0.102796	12691200.000000
2014-08-29	0.006333	0.167096	0.174826	0.163400	0.188448	12709000.000000
2014-08-28	-0.000288	0.164409	0.167433	0.161050	-0.008563	10539700.000000
2014-08-27	0.007246	0.170478	0.177246	0.168786	0.214144	14853400.000000
2014-08-26	-0.000290	0.170477	0.172169	0.165741	-0.008564	14805600.000000
2014-08-25	0.000290	0.168109	0.172847	0.165741	0.008564	17321500.000000
2014-08-22	-0.004042	0.164736	0.167096	0.157659	-0.119922	14285400.000000
2014-08-21	0.003186	0.167433	0.174871	0.166756	0.094226	15931900.000000
2014-08-20	0.001450	0.169464	0.170141	0.166078	0.042828	12549500.000000
2014-08-19	-0.004906	0.168780	0.168780	0.156651	-0.145620	20478400.000000
2014-08-18	-0.002591	0.171801	0.172809	0.161720	-0.077093	18496100.000000
2014-08-15	-0.004870	0.168101	0.169439	0.152384	-0.145617	26952100.000000
2014-08-14	0.006342	0.172144	0.175509	0.164404	0.188450	14588800.000000
2014-08-13	0.001443	0.171140	0.173836	0.162714	0.042826	15950600.000000
2014-08-12	0.004932	0.171158	0.175222	0.167771	0.145618	15322900.000000
2014-08-11	0.000000	0.174883	0.177254	0.165400	0.000000	14724900.000000
2014-08-08	0.007600	0.170504	0.177329	0.166409	0.222715	18771100.000000
2014-08-07	-0.011843	0.171817	0.173166	0.152258	-0.351194	20749200.000000
2014-08-06	-0.013956	0.163775	0.164440	0.142495	-0.419733	35941100.000000
2014-08-05	-0.009870	0.164140	0.167433	0.152617	-0.299799	19505100.000000
2014-08-04	0.003680	0.168754	0.174041	0.163137	0.111353	21300200.000000
2014-08-01	-0.007305	0.173665	0.174977	0.157264	-0.222708	23962400.000000
2014-07-31	-0.021177	0.157479	0.162616	0.140141	-0.659569	34603600.000000
2014-07-30	-0.006286	0.162966	0.168709	0.150842	-0.197010	20446300.000000
2014-07-29	0.026367	0.225722	0.227360	0.193958	0.805180	92453000.000000
2014-07-28	0.003095	0.167761	0.174988	0.166119	0.094229	20593000.000000
2014-07-25	0.001127	0.163158	0.174010	0.162829	0.034263	18663300.000000
2014-07-24	-0.010591	0.152791	0.162227	0.139776	-0.325504	45151800.000000
2014-07-23	-0.001669	0.166133	0.168082	0.162885	-0.051395	15179800.000000
2014-07-22	-0.000556	0.169705	0.171978	0.161265	-0.017123	18185700.000000
2014-07-21	-0.005806	0.164205	0.167110	0.158073	-0.179887	20917400.000000
2014-07-18	0.003885	0.172293	0.172617	0.166460	0.119916	16132500.000000
2014-07-17	-0.011523	0.161668	0.168073	0.152379	-0.359760	19143000.000000
2014-07-16	0.005795	0.174198	0.177419	0.170332	0.179880	20223000.000000
2014-07-15	0.010597	0.170363	0.183385	0.169386	0.325501	34987200.000000
2014-07-14	0.002797	0.170697	0.173309	0.165800	0.085661	12564400.000000
2014-07-11	0.001681	0.168087	0.171684	0.163182	0.051395	11559400.000000
2014-07-10	0.001402	0.158591	0.171362	0.158591	0.042824	14594000.000000
2014-07-09	0.002531	0.172029	0.172685	0.165791	0.077091	15910100.000000
2014-07-08	0.000000	0.166776	0.173014	0.162508	0.000000	20139500.000000
2014-07-07	0.005022	0.184514	0.191113	0.182864	0.152218	19577000.000000
2014-07-03	0.004766	0.188502	0.189165	0.183197	0.143755	11681200.000000
2014-07-02	0.005355	0.182534	0.188867	0.180868	0.160675	14225800.000000
2014-07-01	0.003393	0.178187	0.188219	0.175511	0.101471	21774600.000000
2014-06-30	-0.001412	0.182201	0.187210	0.179863	-0.042274	19118700.000000
2014-06-27	0.004254	0.179516	0.188236	0.177168	0.126848	20942300.000000
2014-06-26	0.000000	0.184211	0.184211	0.177168	0.000000	15789800.000000
2014-06-25	-0.000850	0.180189	0.182534	0.176168	-0.025370	15275400.000000
2014-06-24	-0.002826	0.182534	0.188883	0.176520	-0.084566	21166100.000000
2014-06-23	0.000000	0.188549	0.188549	0.178190	0.000000	14507600.000000
2014-06-20	0.000848	0.191564	0.195577	0.182200	0.025362	28984000.000000
2014-06-19	0.004546	0.184214	0.188917	0.182534	0.135309	19514000.000000
2014-06-18	0.005140	0.182535	0.188950	0.180846	0.152220	20301100.000000
2014-06-17	0.001143	0.183887	0.188282	0.181520	0.033823	17310300.000000
2014-06-16	-0.001427	0.180509	0.184560	0.178146	-0.042284	14109700.000000
2014-06-13	0.005742	0.185590	0.193399	0.180837	0.169128	19976700.000000
2014-06-12	0.000575	0.183554	0.184573	0.176080	0.016915	19062400.000000
2014-06-11	-0.003721	0.182873	0.185919	0.177796	-0.109936	16329600.000000
2014-06-10	-0.001999	0.179494	0.185574	0.177468	-0.059193	17694200.000000
2014-06-09	-0.000285	0.183548	0.185911	0.179833	-0.008453	17660300.000000
2014-06-06	-0.002279	0.181524	0.182534	0.175459	-0.067657	17130700.000000
2014-06-05	0.001427	0.183209	0.185234	0.174100	0.042287	22265300.000000
2014-06-04	-0.004261	0.182534	0.182534	0.174136	-0.126850	26906000.000000
2014-06-03	-0.006772	0.182201	0.187873	0.172858	-0.202953	22262300.000000
2014-06-02	-0.000846	0.183535	0.185202	0.176867	-0.025368	16222600.000000
2014-05-30	0.002260	0.179193	0.187212	0.179193	0.067650	16164700.000000
2014-05-29	0.001415	0.183538	0.185880	0.171157	0.042278	14166400.000000
2014-05-28	0.003692	0.185221	0.192274	0.182534	0.109936	20503700.000000
2014-05-27	-0.003114	0.181530	0.185213	0.175169	-0.093016	22452700.000000
2014-05-23	-0.001696	0.181866	0.188216	0.178189	-0.050747	17373800.000000
2014-05-22	0.003119	0.184211	0.190246	0.181864	0.093022	18026200.000000
2014-05-21	-0.006479	0.188197	0.189530	0.168877	-0.194494	32682800.000000
2014-05-20	-0.024189	0.181559	0.181559	0.151329	-0.744166	39979000.000000
2014-05-19	-0.009799	0.158394	0.182856	0.151313	-0.304434	77607200.000000
2014-05-16	0.006024	0.183506	0.191277	0.182210	0.186045	24018800.000000
2014-05-15	0.003573	0.182860	0.189684	0.156213	0.109938	20337500.000000
2014-05-14	0.005248	0.179268	0.194621	0.176328	0.160667	24179500.000000
2014-05-13	-0.010118	0.179624	0.181564	0.160546	-0.312885	34252300.000000
2014-05-12	0.003568	0.191945	0.192270	0.173448	0.109936	23982100.000000
2014-05-09	0.001099	0.181885	0.186108	0.175387	0.033823	15015500.000000
2014-05-08	0.017897	0.186833	0.218910	0.183857	0.541214	36474100.000000
2014-05-07	0.007608	0.184867	0.198195	0.183534	0.228323	20267000.000000
2014-05-06	-0.007550	0.182534	0.182534	0.173275	-0.228323	21487700.000000
2014-05-05	0.003648	0.180875	0.186849	0.176228	0.109926	15938700.000000
2014-05-02	0.001405	0.186523	0.189846	0.180540	0.042288	15943400.000000
2014-05-01	-0.003361	0.184191	0.192472	0.172929	-0.101475	27837400.000000
2014-04-30	0.007905	0.182868	0.193218	0.177193	0.236780	22553300.000000
2014-04-29	0.009692	0.190625	0.196018	0.181523	0.287508	20731900.000000
2014-04-28	0.017107	0.188706	0.205163	0.184934	0.498934	29626400.000000
2014-04-25	-0.000290	0.180135	0.184248	0.176365	-0.008455	21984700.000000
2014-04-24	-0.012028	0.185244	0.188630	0.166618	-0.355170	36619900.000000
2014-04-23	-0.037751	0.140825	0.151904	0.122903	-1.158525	59638700.000000
2014-04-22	0.006378	0.183846	0.194012	0.179255	0.194490	32001000.000000
2014-04-21	0.000555	0.183847	0.186800	0.176628	0.016915	18756500.000000
2014-04-17	-0.001662	0.180242	0.186793	0.176638	-0.050734	25311800.000000
2014-04-16	0.011771	0.185186	0.196786	0.183198	0.355171	24216900.000000
2014-04-15	0.009049	0.182200	0.193236	0.181531	0.270592	26484300.000000
2014-04-14	0.004546	0.185222	0.188245	0.177831	0.135309	15456600.000000
2014-04-11	0.002278	0.182871	0.189269	0.178831	0.067658	34551600.000000
2014-04-10	0.005727	0.190323	0.199805	0.184228	0.169124	35424600.000000
2014-04-09	-0.009924	0.181864	0.182534	0.164764	-0.295980	30493000.000000
2014-04-08	0.006851	0.183209	0.190636	0.178483	0.202955	29291700.000000
2014-04-07	-0.001688	0.197726	0.206151	0.196041	-0.050081	32673300.000000
2014-04-04	-0.002245	0.204788	0.206469	0.193692	-0.066773	29350200.000000
2014-04-03	0.007351	0.200773	0.208225	0.197385	0.217019	25397900.000000
2014-04-02	0.007979	0.200453	0.211378	0.196356	0.233707	28086800.000000
2014-04-01	0.000570	0.196013	0.200454	0.183715	0.016699	28773700.000000
2014-03-31	0.000000	0.205920	0.212753	0.195330	0.000000	30486500.000000
2014-03-28	0.003146	0.202176	0.205260	0.191552	0.091816	24745300.000000
2014-03-27	0.010113	0.199794	0.212602	0.197717	0.292135	33382700.000000
2014-03-26	-0.003168	0.204619	0.208760	0.194267	-0.091816	38594500.000000
2014-03-25	0.007545	0.195281	0.213012	0.194934	0.217012	33408500.000000
2014-03-24	0.004665	0.201905	0.214130	0.195618	0.133555	53804800.000000
2014-03-21	0.006160	0.206849	0.223015	0.199469	0.175278	51002700.000000
2014-03-20	0.034284	0.202061	0.240955	0.199880	0.943197	62615900.000000
2014-03-19	-0.000606	0.199516	0.211141	0.192251	-0.016693	31803400.000000
2014-03-18	0.002736	0.199520	0.203527	0.196606	0.075115	25998200.000000
2014-03-17	0.012312	0.205069	0.212813	0.199538	0.333874	23584900.000000
2014-03-14	0.004328	0.195841	0.206951	0.194730	0.116855	22368600.000000
2014-03-13	-0.000926	0.202503	0.208423	0.195103	-0.025039	21708400.000000
2014-03-12	0.004654	0.198806	0.207356	0.195461	0.125200	25024400.000000
2014-03-11	-0.008613	0.198800	0.198800	0.184428	-0.233708	20731600.000000
2014-03-10	-0.000922	0.188490	0.198063	0.185177	-0.025039	24935700.000000
2014-03-07	0.006184	0.203249	0.207324	0.195099	0.166935	27103000.000000
2014-03-06	0.006536	0.198809	0.207012	0.196944	0.175281	19531800.000000
2014-03-05	-0.000622	0.201417	0.201417	0.192846	-0.016695	24144600.000000
2014-03-04	0.009102	0.207088	0.211600	0.204456	0.242060	28444100.000000
2014-03-03	-0.002192	0.193185	0.199939	0.191684	-0.058430	30481700.000000
2014-02-28	-0.009308	0.198806	0.201408	0.181707	-0.250404	43468000.000000
2014-02-27	0.007187	0.197688	0.209295	0.190949	0.191976	54923000.000000
2014-02-26	-0.005284	0.201042	0.202532	0.187635	-0.141897	36742200.000000
2014-02-25	-0.009239	0.199539	0.199908	0.182566	-0.250404	41048100.000000
2014-02-24	-0.010061	0.199159	0.200620	0.185644	-0.275440	33499300.000000
2014-02-21	-0.011453	0.194452	0.199868	0.183620	-0.317177	19327200.000000
2014-02-20	0.010045	0.198063	0.217392	0.191498	0.275440	20488900.000000
2014-02-19	0.000914	0.194413	0.205364	0.190032	0.025042	19410900.000000
2014-02-18	-0.009955	0.200954	0.200954	0.179270	-0.275448	22311900.000000
2014-02-14	-0.010152	0.194128	0.194128	0.182680	-0.283789	18274800.000000
2014-02-13	0.016697	0.194062	0.218431	0.189698	0.459080	28062200.000000
2014-02-12	-0.000304	0.196609	0.202426	0.192973	-0.008351	16554700.000000
2014-02-11	0.015721	0.204711	0.220222	0.200648	0.425688	26228800.000000
2014-02-10	0.004334	0.203627	0.203998	0.195096	0.116856	20621000.000000
2014-02-07	0.009375	0.204802	0.211541	0.196191	0.250400	29170600.000000
2014-02-06	-0.002494	0.206653	0.206653	0.185365	-0.066772	45322100.000000
2014-02-05	-0.011402	0.196217	0.197325	0.182926	-0.308832	29793500.000000
2014-02-04	0.015649	0.202938	0.216812	0.199938	0.417341	35940100.000000
2014-02-03	-0.041117	0.198063	0.198063	0.147005	-1.143515	68010500.000000
2014-01-31	-0.000899	0.184412	0.210277	0.177227	-0.025037	34211900.000000
2014-01-30	0.001201	0.206335	0.208134	0.187273	0.033382	29077000.000000
2014-01-29	-0.011573	0.151847	0.192730	0.137982	-0.325523	83139800.000000
2014-01-28	0.005670	0.197705	0.208789	0.192342	0.158590	25457600.000000
2014-01-27	0.002693	0.202006	0.209535	0.198422	0.075125	32786300.000000
2014-01-24	-0.011243	0.199127	0.215432	0.184594	-0.317177	33184100.000000
2014-01-23	0.013797	0.193751	0.214593	0.191235	0.383947	28463300.000000
2014-01-22	-0.006851	0.199134	0.201275	0.188784	-0.191976	17411700.000000
2014-01-21	-0.003858	0.203040	0.208728	0.180288	-0.108509	29421500.000000
2014-01-17	-0.007656	0.200532	0.200532	0.188185	-0.217015	23921700.000000
2014-01-16	0.005031	0.201608	0.208345	0.198772	0.141888	16239000.000000
2014-01-15	0.009260	0.204504	0.216671	0.200568	0.258760	25786400.000000
2014-01-14	0.005405	0.199142	0.207057	0.193026	0.150240	22883600.000000
2014-01-13	-0.009518	0.196994	0.199132	0.183096	-0.267097	29281000.000000
2014-01-10	0.002385	0.205207	0.207708	0.196991	0.066774	25342100.000000
2014-01-09	-0.020444	0.198063	0.198063	0.172520	-0.584283	36082200.000000
2014-01-08	-0.007248	0.196674	0.201884	0.184516	-0.208664	37745500.000000
2014-01-07	-0.000286	0.219945	0.220640	0.212305	-0.008236	25725100.000000
2014-01-06	0.004598	0.221368	0.222763	0.214042	0.131786	20791500.000000
2014-01-03	-0.004292	0.220989	0.221336	0.202231	-0.123550	24618300.000000
2014-01-02	-0.005973	0.216804	0.218531	0.206791	-0.172974	20229900.000000
2013-12-31	-0.001136	0.213007	0.216801	0.205764	-0.032946	18425400.000000
2013-12-30	0.000568	0.208865	0.218183	0.208175	0.016472	14464600.000000
2013-12-27	0.000569	0.210589	0.217149	0.207136	0.016474	14111600.000000
2013-12-26	0.006009	0.215084	0.222031	0.213694	0.172974	11024400.000000
2013-12-24	0.007495	0.215792	0.224191	0.214392	0.214160	7960000.000000
2013-12-23	0.011370	0.219705	0.230677	0.218289	0.321240	19954900.000000
2013-12-20	-0.004354	0.215451	0.220033	0.207346	-0.123554	34022200.000000
2013-12-19	0.002036	0.210864	0.217220	0.205214	0.057657	20043000.000000
2013-12-18	0.015658	0.215118	0.235202	0.206152	0.436565	25849700.000000
2013-12-17	-0.008785	0.215819	0.219019	0.200177	-0.247112	23472800.000000
2013-12-16	0.008863	0.221574	0.237713	0.221574	0.247112	21348700.000000
2013-12-13	-0.001180	0.213684	0.216191	0.203653	-0.032947	24862800.000000
2013-12-12	-0.001768	0.217617	0.220478	0.206890	-0.049431	21927000.000000
2013-12-11	-0.013081	0.214042	0.215806	0.197102	-0.370657	27491400.000000
2013-12-10	-0.008360	0.217541	0.221741	0.203543	-0.238873	18389100.000000
2013-12-09	0.004634	0.213338	0.221074	0.204900	0.131791	18035700.000000
2013-12-06	0.008175	0.223967	0.225739	0.215814	0.230636	19544900.000000
2013-12-05	-0.010116	0.207726	0.212638	0.200357	-0.288292	25106700.000000
2013-12-04	-0.004030	0.200063	0.210897	0.195171	-0.115318	27221600.000000
2013-12-03	-0.001724	0.212995	0.213693	0.204273	-0.049427	17551000.000000
2013-12-02	-0.011644	0.213007	0.214042	0.199905	-0.337709	23703700.000000
2013-11-29	-0.005648	0.216441	0.218156	0.206842	-0.164746	9284700.000000
2013-11-27	0.003685	0.214386	0.218859	0.211289	0.107088	11471300.000000
2013-11-26	-0.002545	0.215072	0.219877	0.210609	-0.074135	14180900.000000
2013-11-25	-0.001412	0.215413	0.218498	0.210614	-0.041183	14068600.000000
2013-11-22	0.003399	0.212666	0.218169	0.205444	0.098841	16080400.000000
2013-11-21	-0.002825	0.215756	0.220215	0.206497	-0.082371	23017700.000000
2013-11-20	-0.008958	0.219140	0.221179	0.200787	-0.263580	17441400.000000
2013-11-19	0.003371	0.215406	0.221885	0.212678	0.098846	12493700.000000
2013-11-18	0.004798	0.215412	0.221238	0.211986	0.140026	15037700.000000
2013-11-15	0.007679	0.212661	0.225091	0.211970	0.222399	17685500.000000
2013-11-14	0.002566	0.215080	0.224773	0.213696	0.074129	13851200.000000
2013-11-13	-0.002843	0.208174	0.214042	0.202996	-0.082365	22327200.000000
2013-11-12	0.003996	0.218201	0.224092	0.211962	0.115314	19908700.000000
2013-11-11	-0.003981	0.213352	0.216803	0.207138	-0.115314	12369600.000000
2013-11-08	0.001709	0.210238	0.216116	0.195024	0.049416	29787300.000000
2013-11-07	-0.019821	0.214042	0.214042	0.187267	-0.584816	29290300.000000
2013-11-06	0.008162	0.222242	0.230101	0.220534	0.238866	20856300.000000
2013-11-05	-0.025240	0.207381	0.210045	0.183066	-0.757791	33641900.000000
2013-11-04	0.005794	0.221077	0.223422	0.212032	0.172964	20024000.000000
2013-11-01	0.001105	0.224103	0.234164	0.212700	0.032946	41488500.000000
2013-10-31	-0.001654	0.213707	0.221743	0.205337	-0.049414	28789000.000000
2013-10-30	-0.000276	0.215715	0.218393	0.203665	-0.008236	21847100.000000
2013-10-29	0.019679	0.217113	0.244760	0.216772	0.576580	45250300.000000
2013-10-28	0.010799	0.216802	0.227152	0.215767	0.313009	23855600.000000
2013-10-25	0.016171	0.214743	0.235427	0.214743	0.461264	21286500.000000
2013-10-24	-0.018424	0.204751	0.204751	0.177910	-0.535395	33911200.000000
2013-10-23	0.001419	0.208528	0.217832	0.203014	0.041184	27257600.000000
2013-10-22	0.000284	0.218523	0.219557	0.208527	0.008238	23986400.000000
2013-10-21	0.017625	0.228424	0.238245	0.223513	0.502452	29449400.000000
2013-10-18	0.004936	0.216862	0.229552	0.211574	0.140028	30466400.000000
2013-10-17	0.007018	0.220077	0.222562	0.211557	0.197691	22249600.000000
2013-10-16	0.014536	0.220885	0.231689	0.220525	0.403611	18699800.000000
2013-10-15	-0.006191	0.212252	0.221200	0.206525	-0.172982	16352900.000000
2013-10-14	-0.008187	0.206232	0.210492	0.202327	-0.230629	18569600.000000
2013-10-11	0.001464	0.213331	0.217597	0.206221	0.041180	23647400.000000
2013-10-10	0.011852	0.226272	0.228430	0.207927	0.329477	23818100.000000
2013-10-09	0.019330	0.218442	0.250342	0.215509	0.527172	33431200.000000
2013-10-08	-0.013115	0.215127	0.217660	0.197396	-0.362434	32798400.000000
2013-10-07	0.007408	0.227774	0.244178	0.225951	0.203201	63369000.000000
2013-10-04	0.003270	0.231788	0.235811	0.228862	0.089405	69721900.000000
2013-10-03	-0.008839	0.229238	0.229963	0.219088	-0.243835	22437300.000000
2013-10-02	-0.003523	0.227074	0.230325	0.219127	-0.097538	21510000.000000
2013-10-01	0.007096	0.229234	0.245605	0.228143	0.195072	16759800.000000
2013-09-30	-0.004709	0.223084	0.227067	0.219463	-0.130045	20819700.000000
2013-09-27	-0.007304	0.226012	0.227450	0.215589	-0.203203	13997900.000000
2013-09-26	0.005286	0.234661	0.244056	0.231771	0.146303	16494200.000000
2013-09-25	-0.001173	0.231047	0.240431	0.225273	-0.032511	19111300.000000
2013-09-24	-0.003799	0.226011	0.232842	0.222775	-0.105663	19233000.000000
2013-09-23	-0.002623	0.233553	0.233553	0.208810	-0.073152	23220100.000000
2013-09-20	-0.014364	0.230679	0.231739	0.208766	-0.406395	36732100.000000
2013-09-19	-0.004006	0.230325	0.230325	0.220821	-0.113793	15692200.000000
2013-09-18	0.005755	0.229617	0.239531	0.214747	0.162558	22818400.000000
2013-09-17	0.005207	0.231037	0.240290	0.229614	0.146305	17798800.000000
2013-09-16	0.007284	0.239288	0.245023	0.231759	0.203199	15869100.000000
2013-09-13	-0.001745	0.234978	0.242851	0.224242	-0.048769	14228600.000000
2013-09-12	0.012070	0.229239	0.247710	0.229239	0.333248	24637200.000000
2013-09-11	0.000000	0.230688	0.240467	0.226704	0.000000	21088000.000000
2013-09-10	0.010110	0.239471	0.247520	0.234716	0.276347	27691300.000000
2013-09-09	0.006585	0.232535	0.241741	0.224433	0.178814	18992500.000000
2013-09-06	0.002100	0.236230	0.239182	0.226266	0.056898	19689900.000000
2013-09-05	-0.011855	0.231419	0.236889	0.213187	-0.325117	19837600.000000
2013-09-04	0.012605	0.226633	0.246203	0.226264	0.341371	18719300.000000
2013-09-03	-0.015075	0.236871	0.240508	0.208868	-0.414526	30766900.000000
2013-08-30	0.005349	0.230325	0.239100	0.227400	0.146301	20389100.000000
2013-08-29	0.002085	0.232524	0.247912	0.231425	0.056897	22239100.000000
2013-08-28	-0.003265	0.230691	0.235803	0.226308	-0.089407	16659000.000000
2013-08-27	-0.003844	0.221231	0.239056	0.219776	-0.105660	18669800.000000
2013-08-26	-0.013707	0.231043	0.234631	0.212744	-0.382015	13925200.000000
2013-08-23	0.013897	0.229962	0.248879	0.227779	0.382015	29728700.000000
2013-08-22	0.010155	0.231060	0.249434	0.219668	0.276348	25915800.000000
2013-08-21	-0.011514	0.227783	0.229599	0.215432	-0.316986	20549500.000000
2013-08-20	0.002367	0.232510	0.241248	0.229961	0.065016	16153300.000000
2013-08-19	-0.011410	0.227446	0.230325	0.210528	-0.316984	21122800.000000
2013-08-16	-0.004949	0.227460	0.231400	0.214566	-0.138176	24561800.000000
2013-08-15	-0.012079	0.224310	0.228202	0.215464	-0.341374	17793700.000000
2013-08-14	0.001440	0.231743	0.232806	0.222884	0.040638	17403800.000000
2013-08-13	-0.005727	0.231382	0.232792	0.217994	-0.162557	16207800.000000
2013-08-12	0.003448	0.228558	0.236336	0.227851	0.097536	15988300.000000
2013-08-09	-0.013885	0.229279	0.231023	0.211499	-0.398270	21541600.000000
2013-08-08	-0.008429	0.232745	0.234819	0.214078	-0.243837	17956300.000000
2013-08-07	0.003100	0.228245	0.238995	0.228245	0.089409	13290600.000000
2013-08-06	-0.005326	0.228601	0.229981	0.221358	-0.154421	12804200.000000
2013-08-05	-0.002796	0.227918	0.233077	0.223446	-0.081289	10239000.000000
2013-08-02	0.001400	0.226192	0.232392	0.223092	0.040643	21751400.000000
2013-08-01	0.012759	0.243581	0.249511	0.233814	0.365753	18436200.000000
2013-07-31	-0.004235	0.230673	0.235883	0.223378	-0.121923	21326100.000000
2013-07-30	-0.012820	0.234440	0.236840	0.214209	-0.373884	19091300.000000
2013-07-29	0.007865	0.231708	0.244149	0.229288	0.227581	16625400.000000
2013-07-26	0.003948	0.228591	0.238653	0.225121	0.113798	14157900.000000
2013-07-25	0.001695	0.222679	0.236234	0.221984	0.048765	22083700.000000
2013-07-24	-0.011449	0.215895	0.219675	0.200091	-0.333246	30938800.000000
2013-07-23	0.006464	0.236204	0.243120	0.227559	0.186939	22951700.000000
2013-07-22	-0.006423	0.228951	0.233074	0.221049	-0.186939	19201200.000000
2013-07-19	0.001959	0.233424	0.234112	0.222752	0.056894	21153500.000000
2013-07-18	-0.006118	0.226904	0.231352	0.218351	-0.178812	19576400.000000
2013-07-17	0.002230	0.233068	0.245070	0.231011	0.065020	16805500.000000
2013-07-16	0.009283	0.232748	0.242439	0.232056	0.268230	17601900.000000
2013-07-15	-0.007261	0.225859	0.228607	0.211429	-0.211332	17175600.000000
2013-07-12	-0.001673	0.230668	0.231697	0.219693	-0.048767	19065700.000000
2013-07-11	0.013563	0.242841	0.251879	0.240407	0.390137	23075400.000000
2013-07-10	-0.005899	0.229980	0.233090	0.218229	-0.170687	17837100.000000
2013-07-09	0.000562	0.236895	0.238970	0.228942	0.016256	14487500.000000
2013-07-08	0.005653	0.238671	0.241106	0.230673	0.162564	15853600.000000
2013-07-05	0.005895	0.252270	0.255768	0.233031	0.168540	17139100.000000
2013-07-03	0.002533	0.243870	0.253339	0.234402	0.072241	11600000.000000
2013-07-02	0.006515	0.245621	0.263622	0.240680	0.184590	18634900.000000
2013-07-01	-0.002825	0.245974	0.255829	0.238583	-0.080262	19903400.000000
2013-06-28	-0.006455	0.243176	0.248072	0.234784	-0.184597	23913900.000000
2013-06-27	0.008491	0.253027	0.267839	0.251969	0.240778	18251500.000000
2013-06-26	0.008564	0.259846	0.262336	0.248108	0.240778	21911600.000000
2013-06-25	0.016541	0.254290	0.273092	0.248867	0.457474	67155500.000000
2013-06-24	-0.000290	0.240190	0.259710	0.233684	-0.008030	71219500.000000
2013-06-21	0.003494	0.253229	0.259758	0.236906	0.096314	97444100.000000
2013-06-20	-0.025532	0.237137	0.244207	0.213101	-0.722329	31797500.000000
2013-06-19	-0.025436	0.242185	0.244940	0.214282	-0.738380	24464500.000000
2013-06-18	0.011466	0.248413	0.266531	0.247019	0.329065	15357900.000000
2013-06-17	-0.004177	0.251526	0.253954	0.231054	-0.120391	23364400.000000
2013-06-14	-0.010744	0.242542	0.246317	0.231901	-0.313006	23972700.000000
2013-06-13	0.019090	0.245624	0.272908	0.245624	0.545755	20142600.000000
2013-06-12	-0.003915	0.254336	0.259214	0.239354	-0.112358	16955600.000000
2013-06-11	-0.006391	0.241473	0.253244	0.236627	-0.184600	26002900.000000
2013-06-10	0.015233	0.260736	0.269171	0.254410	0.433403	21852200.000000
2013-06-07	-0.010053	0.251541	0.254325	0.231013	-0.288935	26049300.000000
2013-06-06	0.015598	0.244207	0.267176	0.240320	0.441423	23058700.000000
2013-06-05	-0.011495	0.245624	0.247720	0.231303	-0.329067	22863800.000000
2013-06-04	0.017109	0.250237	0.274396	0.248816	0.481552	40467000.000000
2013-06-03	0.002287	0.245974	0.253808	0.231374	0.064215	29759400.000000
2013-05-31	-0.014366	0.240008	0.245974	0.227723	-0.409319	35799800.000000
2013-05-30	-0.011418	0.243545	0.251873	0.231748	-0.329063	25094300.000000
2013-05-29	-0.007462	0.241497	0.241842	0.222556	-0.216692	28740600.000000
2013-05-28	-0.015510	0.255806	0.259536	0.225971	-0.457476	29429000.000000
2013-05-24	0.000272	0.238852	0.247330	0.236139	0.008020	14443900.000000
2013-05-23	0.003277	0.237468	0.252439	0.236787	0.096314	18120200.000000
2013-05-22	-0.008663	0.245974	0.253732	0.229447	-0.256827	28598200.000000
2013-05-21	-0.007523	0.246643	0.246643	0.231914	-0.224729	24867600.000000
2013-05-20	-0.005876	0.244643	0.245974	0.235658	-0.176562	14654200.000000
2013-05-17	0.001605	0.244974	0.248974	0.239641	0.048155	16712900.000000
2013-05-16	-0.003997	0.242322	0.248962	0.239334	-0.120390	13668400.000000
2013-05-15	0.008058	0.249655	0.266054	0.247982	0.240775	23060400.000000
2013-05-14	0.006216	0.245637	0.253719	0.241260	0.184598	19478800.000000
2013-05-13	-0.009636	0.243973	0.244640	0.231967	-0.288930	18558100.000000
2013-05-10	0.000803	0.249979	0.252649	0.240633	0.024072	18182600.000000
2013-05-09	-0.013217	0.241692	0.244327	0.225224	-0.401293	23605900.000000
2013-05-08	0.008262	0.242985	0.256933	0.240661	0.248803	15176200.000000
2013-05-07	0.011593	0.249333	0.260419	0.245974	0.345110	14693200.000000
2013-05-06	-0.006695	0.244306	0.245640	0.236964	-0.200646	12113000.000000
2013-05-03	-0.005857	0.256257	0.256589	0.234695	-0.176573	20239900.000000
2013-05-02	0.000000	0.247964	0.255262	0.240998	0.000000	16445100.000000
2013-05-01	0.002670	0.245974	0.262937	0.245974	0.080265	21834000.000000
2013-04-30	0.004290	0.248312	0.256663	0.245306	0.128414	24144700.000000
2013-04-29	0.007019	0.248665	0.256065	0.245301	0.208664	18914300.000000
2013-04-26	-0.006437	0.245974	0.246977	0.232605	-0.192611	33202800.000000
2013-04-25	0.006479	0.253038	0.259429	0.246983	0.192611	35807500.000000
2013-04-24	-0.050256	0.184953	0.190385	0.170257	-1.573053	61126900.000000
2013-04-23	0.006971	0.248226	0.254660	0.233749	0.216700	25108800.000000
2013-04-22	0.011755	0.250531	0.261597	0.247927	0.361150	21502100.000000
2013-04-19	0.014308	0.249936	0.266443	0.246634	0.433396	24528000.000000
2013-04-18	-0.001059	0.256857	0.257517	0.242676	-0.032105	20200000.000000
2013-04-17	-0.004217	0.241377	0.247945	0.233166	-0.128399	22473100.000000
2013-04-16	-0.000264	0.255823	0.256808	0.244989	-0.008037	24466600.000000
2013-04-15	-0.016584	0.235642	0.244682	0.224019	-0.513651	29249300.000000
2013-04-12	0.001297	0.242094	0.249207	0.242094	0.040127	19725300.000000
2013-04-11	0.009429	0.244995	0.266207	0.244995	0.288938	25493600.000000
2013-04-10	0.011123	0.247294	0.263793	0.245974	0.337088	19065800.000000
2013-04-09	0.003721	0.247961	0.254916	0.242331	0.112352	22546700.000000
2013-04-08	0.001331	0.243984	0.253270	0.242989	0.040125	23617200.000000
2013-04-05	0.002902	0.252250	0.265554	0.250255	0.087248	76489400.000000
2013-04-04	0.016899	0.263266	0.283897	0.262251	0.499649	72851500.000000
2013-04-03	-0.007719	0.258884	0.261904	0.248815	-0.230011	24291000.000000
2013-04-02	0.008591	0.268683	0.275792	0.263267	0.253796	26227700.000000
2013-04-01	0.015263	0.261585	0.282548	0.261585	0.444122	24205600.000000
2013-03-28	0.001912	0.263308	0.268129	0.256766	0.055525	37388800.000000
2013-03-27	-0.003266	0.254377	0.262614	0.252661	-0.095175	17375800.000000
2013-03-26	0.009618	0.266095	0.274064	0.259512	0.277578	18429200.000000
2013-03-25	-0.001098	0.262282	0.266436	0.256398	-0.031721	23707600.000000
2013-03-22	0.007746	0.261944	0.273803	0.261944	0.222069	23912000.000000
2013-03-21	-0.001106	0.257762	0.262988	0.254975	-0.031733	20725800.000000
2013-03-20	0.001384	0.267178	0.271016	0.260200	0.039658	29883600.000000
2013-03-19	-0.000276	0.264735	0.268920	0.256712	-0.007925	19851800.000000
2013-03-18	-0.007686	0.251899	0.257783	0.250168	-0.222069	20693400.000000
2013-03-15	-0.011666	0.251662	0.255425	0.239689	-0.341020	51077500.000000
2013-03-14	0.007104	0.263309	0.270199	0.260553	0.206196	19513800.000000
2013-03-13	-0.003268	0.261241	0.264332	0.255404	-0.095171	15071000.000000
2013-03-12	0.003279	0.259520	0.269166	0.258142	0.095171	19613600.000000
2013-03-11	-0.002181	0.259867	0.263992	0.251273	-0.063447	20019000.000000
2013-03-08	0.007969	0.266095	0.273025	0.266095	0.229992	21495000.000000
2013-03-07	0.002756	0.263677	0.268889	0.256033	0.079310	19227600.000000
2013-03-06	-0.008470	0.262276	0.268477	0.249873	-0.245855	20448000.000000
2013-03-05	0.010213	0.271338	0.277255	0.270294	0.293441	22608400.000000
2013-03-04	0.006110	0.260548	0.270002	0.257397	0.174486	18656000.000000
2013-03-01	0.002785	0.253173	0.266867	0.251066	0.079306	23501500.000000
2013-02-28	0.001674	0.259139	0.274967	0.257381	0.047585	31849800.000000
2013-02-27	0.010144	0.263030	0.275465	0.259832	0.285511	23526300.000000
2013-02-26	0.008525	0.273439	0.279172	0.268422	0.237920	26263600.000000
2013-02-25	-0.013733	0.264078	0.275033	0.243581	-0.388614	32523700.000000
2013-02-22	0.007056	0.261610	0.270507	0.253424	0.198276	20813400.000000
2013-02-21	-0.001128	0.256988	0.266230	0.244190	-0.031723	25155400.000000
2013-02-20	-0.005607	0.261251	0.271856	0.253475	-0.158615	35656800.000000
2013-02-19	0.008767	0.261254	0.272665	0.261254	0.245854	16879600.000000
2013-02-15	0.001984	0.261970	0.270188	0.255896	0.055521	24859300.000000
2013-02-14	-0.003670	0.260898	0.261610	0.247015	-0.103102	26204900.000000
2013-02-13	-0.005056	0.263377	0.268336	0.251689	-0.142763	17402500.000000
2013-02-12	0.010502	0.261614	0.276645	0.260898	0.293443	16959000.000000
2013-02-11	-0.001134	0.260540	0.262328	0.253390	-0.031721	13687800.000000
2013-02-08	0.000000	0.265188	0.270193	0.256965	0.000000	18275500.000000
2013-02-07	-0.004516	0.261254	0.265168	0.247730	-0.126894	19054700.000000
2013-02-06	0.002263	0.251981	0.265892	0.251981	0.063452	34952400.000000
2013-02-05	0.003406	0.266266	0.275214	0.264477	0.095163	20928300.000000
2013-02-04	-0.007885	0.256282	0.259478	0.242789	-0.222061	28233900.000000
2013-02-01	0.020696	0.274308	0.291342	0.269959	0.571022	29182600.000000
2013-01-31	0.008991	0.262726	0.278085	0.260898	0.245852	26239500.000000
2013-01-30	-0.005767	0.259080	0.267806	0.252899	-0.158617	24179700.000000
2013-01-29	0.016115	0.260898	0.286758	0.260528	0.436195	30975400.000000
2013-01-28	0.003234	0.260157	0.271276	0.257191	0.087246	23660300.000000
2013-01-25	0.008000	0.274721	0.279204	0.263513	0.214129	27095500.000000
2013-01-24	-0.000888	0.263511	0.272096	0.259778	-0.023787	26786300.000000
2013-01-23	0.005058	0.259772	0.273278	0.258272	0.134823	25459300.000000
2013-01-22	0.005084	0.262783	0.275980	0.253734	0.134827	29734600.000000
2013-01-18	0.007229	0.246466	0.270013	0.244187	0.190341	38661000.000000
2013-01-17	-0.001804	0.262035	0.264689	0.247250	-0.047588	38971400.000000
2013-01-16	-0.014810	0.256043	0.257910	0.238489	-0.396543	33765500.000000
2013-01-15	-0.007643	0.259415	0.261268	0.245331	-0.206202	24338600.000000
2013-01-14	-0.007295	0.256850	0.259058	0.249492	-0.198276	21973300.000000
2013-01-11	-0.002909	0.263466	0.265300	0.252093	-0.079302	27074400.000000
2013-01-10	0.003797	0.268631	0.274891	0.264212	0.103096	23664100.000000
2013-01-09	-0.003202	0.264202	0.269341	0.256860	-0.087233	19618400.000000
2013-01-08	-0.016886	0.263785	0.264507	0.236719	-0.467924	29210300.000000
2013-01-07	0.004542	0.277862	0.286925	0.272424	0.125280	27500500.000000
2013-01-04	0.005997	0.280055	0.286255	0.276408	0.164433	21136600.000000
2013-01-03	0.000571	0.280421	0.283340	0.268744	0.015655	28932700.000000
2013-01-02	0.038268	0.302900	0.326010	0.296080	1.010071	38323500.000000
2012-12-31	0.011705	0.269855	0.292852	0.268705	0.305376	26911500.000000
2012-12-28	-0.010101	0.269549	0.275999	0.263099	-0.266224	20401800.000000
2012-12-27	-0.003552	0.279784	0.280540	0.255209	-0.093958	24248800.000000
2012-12-26	0.001185	0.279408	0.285086	0.271838	0.031317	13391700.000000
2012-12-24	0.002079	0.270310	0.287758	0.270310	0.054816	9673500.000000
2012-12-21	-0.014633	0.268541	0.276016	0.252843	-0.391507	55350500.000000
2012-12-20	0.007668	0.276008	0.288060	0.273748	0.203587	25415900.000000
2012-12-19	-0.012522	0.274534	0.277137	0.260029	-0.336695	25205500.000000
2012-12-18	0.003213	0.273779	0.284972	0.267436	0.086128	34858000.000000
2012-12-17	0.006469	0.279766	0.286901	0.275260	0.172261	24809000.000000
2012-12-14	-0.009033	0.274532	0.279742	0.264485	-0.242729	26190800.000000
2012-12-13	-0.004929	0.277508	0.282321	0.268620	-0.133109	18939300.000000
2012-12-12	0.009956	0.280877	0.297332	0.280503	0.266219	24038700.000000
2012-12-11	0.012452	0.280166	0.296069	0.280166	0.328859	23725800.000000
2012-12-10	-0.000296	0.274866	0.282436	0.266917	-0.007830	20842600.000000
2012-12-07	0.002675	0.279035	0.283210	0.268408	0.070469	22337700.000000
2012-12-06	-0.007667	0.274878	0.282787	0.265462	-0.203573	23415000.000000
2012-12-05	-0.000295	0.271866	0.291821	0.271489	-0.007835	29170900.000000
2012-12-04	-0.006444	0.273770	0.276389	0.265166	-0.172263	21290900.000000
2012-12-03	0.000293	0.280879	0.287240	0.273395	0.007830	19611800.000000
2012-11-30	0.005895	0.277890	0.292946	0.277137	0.156601	36130600.000000
2012-11-29	0.009221	0.283595	0.294232	0.282835	0.242733	29542600.000000
2012-11-28	0.000000	0.271439	0.279037	0.261562	0.000000	30828500.000000
2012-11-27	-0.010303	0.275633	0.279017	0.261723	-0.274052	26506100.000000
2012-11-26	-0.011350	0.268960	0.271934	0.256322	-0.305368	34852800.000000
2012-11-23	0.015066	0.281287	0.296379	0.277514	0.399328	21697600.000000
2012-11-21	0.005047	0.280929	0.285479	0.272966	0.133106	27868900.000000
2012-11-20	-0.004140	0.277515	0.277892	0.263165	-0.109619	20489800.000000
2012-11-19	0.020519	0.289469	0.306040	0.260566	0.532446	21731800.000000
2012-11-16	-0.008378	0.273698	0.276373	0.257266	-0.219242	32351100.000000
2012-11-15	-0.010657	0.272222	0.283186	0.254453	-0.281878	26051100.000000
2012-11-14	-0.005007	0.280899	0.289551	0.266604	-0.133111	25150900.000000
2012-11-13	0.002362	0.277137	0.298253	0.272989	0.062639	23021200.000000
2012-11-12	0.009839	0.281707	0.296176	0.277518	0.258392	19995900.000000
2012-11-09	0.010241	0.270213	0.297141	0.258288	0.266218	31871300.000000
2012-11-08	-0.013079	0.283591	0.288527	0.259674	-0.344515	36669200.000000
2012-11-07	-0.033333	0.240438	0.253283	0.221354	-0.908283	45957200.000000
2012-11-06	-0.000862	0.276037	0.280804	0.268337	-0.023496	19179000.000000
2012-11-05	-0.002863	0.275309	0.277503	0.258856	-0.078301	17674700.000000
2012-11-02	-0.004560	0.279685	0.287692	0.270586	-0.125280	28329400.000000
2012-11-01	0.014455	0.286368	0.296706	0.281937	0.391504	23895800.000000
2012-10-31	-0.001155	0.281563	0.286357	0.269761	-0.031321	20591400.000000
2012-10-26	0.003768	0.276027	0.288243	0.271584	0.101788	18839200.000000
2012-10-25	-0.006050	0.285600	0.285968	0.259108	-0.164425	22342700.000000
2012-10-24	-0.008286	0.258163	0.276407	0.204158	-0.227074	36018300.000000
2012-10-23	-0.007374	0.268082	0.284744	0.264460	-0.203577	23734100.000000
2012-10-22	-0.001699	0.274245	0.279668	0.267374	-0.046981	20800800.000000
2012-10-19	-0.019434	0.279974	0.279974	0.251254	-0.548102	27580100.000000
2012-10-18	0.008399	0.281785	0.307528	0.280713	0.234904	26911000.000000
2012-10-17	0.009039	0.284352	0.294454	0.278580	0.250555	22662400.000000
2012-10-16	0.005396	0.277863	0.293822	0.273510	0.148778	28296900.000000
2012-10-15	-0.011788	0.268893	0.269968	0.248462	-0.328863	46233400.000000
2012-10-12	-0.017375	0.276785	0.277489	0.246847	-0.493292	37074200.000000
2012-10-11	-0.017877	0.280250	0.283364	0.254306	-0.516784	29416800.000000
2012-10-10	-0.005923	0.275418	0.277481	0.267165	-0.172259	19894500.000000
2012-10-09	-0.013808	0.277137	0.278155	0.259164	-0.407161	23385100.000000
2012-10-08	-0.005282	0.272078	0.277812	0.264994	-0.156592	15015300.000000
2012-10-05	-0.001056	0.287246	0.290279	0.272082	-0.031336	20824800.000000
2012-10-04	0.004454	0.297380	0.300764	0.293656	0.131587	20322700.000000
2012-10-03	0.009521	0.294698	0.309732	0.287180	0.278648	21572900.000000
2012-10-02	0.001590	0.298125	0.303943	0.289569	0.046450	20509500.000000
2012-10-01	0.001326	0.289565	0.301217	0.288537	0.038688	53520100.000000
2012-09-28	-0.007633	0.289244	0.291284	0.278701	-0.224458	59909900.000000
2012-09-27	-0.002364	0.293660	0.299089	0.285857	-0.069664	28532800.000000
2012-09-26	0.000525	0.292643	0.302826	0.289927	0.015476	24688900.000000
2012-09-25	-0.004967	0.295004	0.302773	0.284871	-0.147055	17693700.000000
2012-09-24	0.004464	0.299428	0.305874	0.296714	0.131579	20126200.000000
2012-09-21	0.003690	0.295369	0.313758	0.295369	0.108360	36093800.000000
2012-09-20	0.004767	0.290596	0.303940	0.286490	0.139335	23253600.000000
2012-09-19	0.002655	0.288191	0.302256	0.287161	0.077397	21093900.000000
2012-09-18	0.001595	0.289215	0.296774	0.279250	0.046432	23035700.000000
2012-09-17	0.009125	0.287803	0.305487	0.286763	0.263172	28919500.000000
2012-09-14	-0.023329	0.278079	0.282820	0.254712	-0.688877	41113300.000000
2012-09-13	0.011400	0.290937	0.308747	0.288881	0.332827	26496300.000000
2012-09-12	0.002658	0.292995	0.308792	0.287843	0.077406	23510400.000000
2012-09-11	0.005345	0.292655	0.305084	0.292655	0.154800	18771700.000000
2012-09-10	0.003217	0.292657	0.303741	0.289193	0.092886	18279800.000000
2012-09-07	-0.003740	0.292654	0.292654	0.273675	-0.108368	20811600.000000
2012-09-06	0.013810	0.300710	0.313305	0.298261	0.394751	24345400.000000
